84.201476983000006271 0 0 0 0 -0 0 1
84.701476990000003298 0 0 0 0 -0 0 1
85.20147699800000396 0 0 0 0 -0 0 1
85.701477005000000986 0 0 0 0 -0 0 1
86.201477013000001648 0 0 0 0 -0 0 1
86.701477019999998674 0 0 0 0 -0 0 1
87.201477026999995701 0 0 0 0 -0 0 1
87.701477034999996363 0 0 0 0 -0 0 1
88.201477041999993389 0 0 0 0 -0 0 1
88.701477049999994051 0 0 0 0 -0 0 1
89.201477057000005289 0 0 0 0 -0 0 1
89.70147706500000595 0 0 0 0 -0 0 1
90.201477072000002977 0 0 0 0 -0 0 1
90.701477080000003639 0 0 0 0 -0 0 1
91.201477087000000665 0 0 0 0 -0 0 1
91.701477095000001327 0 0 0 0 -0 0 1
92.201477101999998354 0 0 0 0 -0 0 1
92.70147710899999538 0 0 0 0 -0 0 1
93.201477116999996042 0 0 0 0 -0 0 1
93.701477123999993069 0 0 0 0 -0 0 1
94.20147713199999373 0 0 0 0 -0 0 1
94.701477139000004968 0 0 0 0 -0 0 1
95.20147714700000563 0 0 0 0 -0 0 1
95.701477154000002656 0 0 0 0 -0 0 1
96.201477162000003318 0 0 0 0 -0 0 1
96.701477169000000345 0 0 0 0 -0 0 1
97.201477175999997371 0 0 0 0 -0 0 1
97.701477183999998033 0 0 0 0 -0 0 1
98.201477190999995059 0 0 0 0 -0 0 1
98.701477198999995721 0 0 0 0 -0 0 1
99.201477206000006959 0 0 -0.00010066980030387639999 0 -0 0 1
99.70147721399999341 0 0 0.00015762331895530223846 0 -0 0 1
100.20147722100000465 0 0 0.00017433171160519123077 0 -0 0 1
100.70147722900000531 0.6044921875 0.014079570770263671875 -0.00024211884010583162308 6.6092283634402873918e-05 -0.00062116423442981020392 0.0042251308548458899397 0.99999087898643523875
101.20147723600000234 2.3974609375 0.060095071792602539062 -7.9460092820227146149e-05 3.3257820734040425832e-05 -0.00037934415392868185875 0.010811702073014793288 0.99994147933277299778
101.701477244000003 4.931640625 0.10093474388122558594 0.00025161739904433488846 1.4682191488665833379e-05 -0.00025822765379285636663 0.0071872803424280077081 0.99997413771766696655
102.20147725100000002 7.7689208984375 0.14784407615661621094 0.00037586211692541837692 -6.4091384964685168589e-06 4.7109524127169460082e-05 0.0060232352989627773246 0.99998185902352698662
102.70147725799999705 10.593414306640625 0.17149066925048828125 0.00035362248308956623077 -1.4152159596972286435e-05 1.8090610143547239305e-05 0.0020660794190598920014 0.99999786539186186207
103.20147726599999771 13.404144287109375 0.18898725509643554688 0.00032325740903615951538 -1.7575892421196775994e-05 -2.7001534130108260641e-05 3.5952200098500937408e-05 0.99999999883472212581
103.70147727299999474 16.214385986328125 0.19903874397277832031 0.00032203679438680410385 8.8531360782394149187e-07 -2.8730155701966274799e-05 -0.00080088414323895267943 0.99999967887914009701
104.2014772809999954 19.03009033203125 0.20484089851379394531 0.00034004217013716697693 -1.8680158913324607408e-06 -2.2618405994932112828e-06 -0.0016803770092869091748 0.9999985881612539762
104.70147728800000664 21.849151611328125 0.20814275741577148438 0.00034511566627770662308 2.7873008260163208522e-07 5.6023008637917767324e-06 -0.0019586308458072118621 0.99999808186503358343
105.20147729599999309 24.666717529296875 0.20951867103576660156 0.00034286500886082649231 -1.0601476757405688041e-06 2.148299616105751769e-06 -0.0023830847913429197352 0.99999716044653752522
105.70147730300000433 27.48284912109375 0.2100372314453125 0.00033729558344930410385 2.0374122822272844008e-06 -6.0847546897031110614e-06 -0.0024848799110829397283 0.9999969126605602332
106.20147731100000499 30.273284912109375 -0.0402584075927734375 0.00032844545785337686539 0.00031686322458044735659 -3.5829994952031772528e-05 -0.052164187976875879549 0.99863847102273273215
106.70147731800000201 33.079498291015625 -0.20120835304260253906 -0.00033679965417832136154 -0.0002460076850572507994 0.00024685918396745334773 -0.02762783118624248524 0.99961821786355331554
107.20147732499999904 35.818756103515625 -0.74768209457397460938 -0.0010438918543513864279 -0.0020174735162717728244 0.00032885512226862477145 -0.12022259243424086861 0.99274485640738041603
107.7014773329999997 38.20562744140625 -2.1308202743530273438 -0.001138191175414249301 -0.0025955561326151876597 0.00095609017793950301905 -0.29086239191062412957 0.95676089905052263962
108.20147733999999673 39.74658203125 -4.4261202812194824219 -0.0011693954002112150192 -0.0024125423420904958463 0.0015867192387882074131 -0.49692070507148827785 0.86779114701220594341
108.70147734799999739 40.296722412109375 -7.17121124267578125 -0.00035419466439634561539 -0.0011633932308736712885 0.00070063233124504535956 -0.64327514653477280149 0.76563388214027816581
109.20147735499999442 40.431427001953125 -9.9716882705688476562 0.00040149688720703125 -0.000260728006322458075 0.00024948129443017237356 -0.69361587811976987972 0.72034497527235585856
109.70147736299999508 40.4327392578125 -12.787505149841308594 0.00034210202284157276154 -6.9334026054898565176e-05 6.4379181523069783834e-05 -0.70854041435187464781 0.70567022912844179494
110.20147737000000632 40.3983154296875 -15.605957984924316406 0.00034614559262990951538 -1.9887500538930833946e-05 3.0114306674814181721e-05 -0.71341842511398212423 0.70073828881080935105
110.70147737800000698 40.364532470703125 -18.423058509826660156 0.00034042354673147201538 4.9999620759585441493e-06 -6.9517654148404584751e-06 -0.71283863992056395453 0.70132807826499710124
111.20147738500000401 40.334503173828125 -21.238612174987792969 0.00033805845305323600769 -1.3737543453977058591e-06 -5.6567211904810871668e-06 -0.7126780414717331924 0.70149127519173659628
111.70147739300000467 40.315673828125 -24.054245948791503906 0.00033634190913289785385 2.2053615515429185367e-06 -1.2831456990092194383e-05 -0.71128882016640471164 0.7028998606748860789
112.20147740000000169 40.300048828125 -26.870072364807128906 0.00033901212736964225769 2.902571897669653213e-05 -3.4408441439471199345e-05 -0.71072064207355489796 0.70347435411969405639
112.70147740699999872 40.290130615234375 -29.686640739440917969 0.00033878325484693050385 1.4181609388913287495e-06 -6.9335949141310122422e-06 -0.71017276674187135299 0.70402744359016977693
113.20147741499999938 40.2822265625 -32.502955436706542969 0.00033985136542469263077 9.5389777474795302552e-07 -4.2617347253677104161e-06 -0.70986141069104202739 0.70434137858899881213
113.70147742199999641 40.27606201171875 -35.319357872009277344 0.00033832550980150699615 -6.1153631728694841449e-07 -6.0676745186965817314e-06 -0.70968942789099187518 0.70451466691798958486
114.20147742999999707 40.271026611328125 -38.159815788269042969 0.00026557920500636100769 -7.5500255123274454178e-05 -8.4099240964817376836e-05 -0.70961272751671400361 0.70459191321879299785
114.7014774369999941 40.264495849609375 -41.507071495056152344 0.00011989590711891651154 -0.00022956064012100033198 -0.00023643473931024528659 -0.70897704112480564032 0.70523148437831562063
115.20147744499999476 40.2567138671875 -45.630503654479980469 0.00011936191003769636154 -0.00022821404605159341362 -0.00023878761084719377973 -0.70805567581426265278 0.70615653423729907168
115.701477452000006 40.248870849609375 -50.480780601501464844 0.00011943816207349300385 -0.0002264032918375441419 -0.00024033942136165501705 -0.70753554219792202939 0.7066776828973763136
116.20147746000000666 40.24273681640625 -56.071539878845214844 0.0001231002388522028923 -0.00023017160692006164119 -0.00022880689858109523821 -0.70746840261298515884 0.7067449002098745714
116.70147746700000368 40.235565185546875 -62.369780540466308594 0.00013805390335619449615 -0.00021383119094157141196 -0.00021370642093799298864 -0.70749659235905848487 0.70671669034069617421
117.20147747400000071 40.227752685546875 -69.323401451110839844 0.00015110021922737360001 -0.00019997158148117501891 -0.00020000207663352310896 -0.70749899604849697532 0.70671429205931945994
117.70147748200000137 40.219970703125 -76.894400596618652344 0.00015968328807502985001 -0.00019043097065292330394 -0.00019141999267355673552 -0.70746639039862935228 0.70674693741873828579
118.2014774889999984 40.21490478515625 -85.055136680603027344 0.00016738893464207649231 -0.00017619307551681507619 -0.00018955987085217168488 -0.70724482346843542402 0.70696866458150542378
118.70147749699999906 40.213531494140625 -93.555701255798339844 0.00035530095919966697693 2.4507295347624796203e-05 4.9134207942908779784e-06 -0.70702679030544524075 0.7071867625780552391
119.20147750399999609 40.215484619140625 -102.02625179290771484 0.00033512117806822061539 -5.5509572276335974162e-06 -7.6828427936485689585e-06 -0.70700418969243239431 0.70720935773468651675
119.70147751199999675 40.217437744140625 -110.49915218353271484 0.00033729558344930410385 -3.6116173528993801323e-06 -4.0590468245976131246e-06 -0.70700922783285968798 0.70720432106263586558
120.20147751899999378 40.219390869140625 -118.97369289398193359 0.00033897405955940485001 -2.5065649850523875029e-06 -2.7196146024977059749e-06 -0.70700922783927766524 0.70720432106741903944
120.70147752699999444 40.22125244140625 -127.44787502288818359 0.00033866881858557462692 -3.4307162403555921313e-06 -2.3013584804553554369e-06 -0.7070419040592065274 0.70717165234988421663
121.20147753400000568 40.22320556640625 -135.92199611663818359 0.00033866881858557462692 -3.4307162403555921313e-06 -2.3013584804553554369e-06 -0.7070419040592065274 0.70717165234988421663
121.70147754200000634 40.22515869140625 -144.39611721038818359 0.00033870700281113386154 -3.4307162403555921313e-06 -2.3013584804553554369e-06 -0.7070419040592065274 0.70717165234988421663
122.20147754900000336 40.22711181640625 -152.87023830413818359 0.00033870700281113386154 -3.4307162403555921313e-06 -2.3013584804553554369e-06 -0.7070419040592065274 0.70717165234988421663
122.70147755600000039 40.228485107421875 -161.34437465667724609 0.00033859256654977798462 6.0097898461407415658e-07 -6.4165907867522134709e-06 -0.70704096237719471496 0.7071725938405676315
123.20147756400000105 40.230438232421875 -169.81899929046630859 0.0003386306343600153923 -2.4168357028061098285e-06 -3.4836231414502911527e-06 -0.70704072698337294689 0.70717282920715140992
123.70147757099999808 40.232147216796875 -178.29359340667724609 0.0003386306343600153923 -2.5921684223401484702e-06 -3.224037282456883957e-06 -0.70704044448727343397 0.70717311165097695991
124.20147757899999874 40.23333740234375 -186.76820278167724609 0.00033859256654977798462 7.0264076739395928562e-07 -6.5182245135779449762e-06 -0.70704006780129491361 0.70717348824779857619
124.70147758599999577 40.23529052734375 -195.24281215667724609 0.00033859256654977798462 -2.3859973605454861043e-06 -3.514455272479512062e-06 -0.70704044448588942995 0.70717311165170260168
125.20147759399999643 40.23724365234375 -203.71742153167724609 0.00033859256654977798462 -2.3859973605454861043e-06 -3.514455272479512062e-06 -0.70704044448588942995 0.70717311165170260168
125.70147760099999346 40.23919677734375 -212.19203090667724609 0.00033855438232421875 -2.3859973605454861043e-06 -3.514455272479512062e-06 -0.70704044448588942995 0.70717311165170260168
126.20147760899999412 40.24114990234375 -220.66664028167724609 0.00033859256654977798462 -2.3859973605454861043e-06 -3.514455272479512062e-06 -0.70704044448588942995 0.70717311165170260168
126.70147761600000536 40.24285888671875 -229.14124965667724609 0.00033866881858557462692 -3.0961719114747314345e-06 -2.720131028117477874e-06 -0.70703540660137798035 0.70717814855596239365
127.20147762400000602 40.244842529296875 -237.61585903167724609 0.00033859256654977798462 1.3950347224141814775e-06 -7.2101252386838690712e-06 -0.70701026367645281034 0.7072032854860198503
127.70147763100000304 40.246856689453125 -246.08656215667724609 0.00035598757676780223846 1.550657118346030489e-05 1.500781377928790885e-05 -0.70700880392040121869 0.70720474454952253485
128.20147763800000007 40.248809814453125 -254.21282863616943359 0.00050258648116141557693 0.00016932940351331194771 0.00016927837600325874889 -0.70700986677992827545 0.70720364178093186869
128.70147764600000073 40.2509765625 -261.81579494476318359 0.00048576353583484888077 0.00015182341190060857808 0.00015138107866401664535 -0.70698119553361848943 0.7072323120412952191
129.20147765300001197 40.254852294921875 -268.93963527679443359 0.00047462468501180410385 0.00014053777671664671517 0.00013965468419564712054 -0.70692539784263963565 0.70728809026501227031
129.70147766100001263 40.25762939453125 -275.55898952484130859 0.00048477167729288339615 0.00015027044726461665598 0.00015107936489273807645 -0.70697611020131612136 0.70723739592758683159
130.20147766799999545 40.260528564453125 -281.74639797210693359 0.00045505526941269636154 0.00011997600428186566527 0.00011916538028027242918 -0.70696326138048004584 0.70725025165329258314
130.70147767599999611 40.263275146484375 -287.44372463226318359 0.00068458553869277238846 0.00036108383520638370713 0.00036047026010333562155 -0.70697895390048814956 0.70723440132775439171
131.20147768300000735 40.265045166015625 -292.18493556976318359 0.00049430842045694589615 0.00015401786761471694068 0.00016722438282860182385 -0.70705276033682629144 0.70716076136517702633
131.70147769100000801 40.26702880859375 -296.50231838226318359 0.00046924583148211240768 0.00013566624919144322178 0.00013323104842948398693 -0.70698774422470944678 0.70722577255089702497
132.20147769799999082 40.26885986328125 -300.40664577484130859 0.00045188900548964738846 0.00011110667092359757932 0.00012129038817701891576 -0.70706185648799113608 0.70715168390077731697
132.70147770500000206 40.270599365234375 -303.94839382171630859 0.00044384005013853311539 0.00010873161637978660679 0.00010663905825513813339 -0.70700630053236290795 0.70720723116572348221
133.20147771300000272 40.2718505859375 -307.15277004241943359 0.00046089163515716791153 0.00012607054499600545529 0.00012504040296292654485 -0.7070869027334502066 0.70712663678716813909
133.70147772000001396 40.27337646484375 -309.33984279632568359 5.4931617341935634613e-05 -9.6219682712957274769e-05 -9.3861397661547735162e-05 -0.70747313887288065803 0.70674022080617737718
134.2014777279999862 40.251068115234375 -312.00118923187255859 0.0002392960013821721077 -0.00073806669992170642614 0.00047607364068041879961 -0.71375353713181899362 0.70039639979318280005
134.70147773499999744 40.080718994140625 -314.82553005218505859 0.00036090856883674860001 0.00032396475595227228715 -0.00027153815063676883411 -0.72296032386628350519 0.6908894205508057107
135.2014777429999981 39.89361572265625 -317.62335109710693359 -0.00038959505036473274231 -0.0005671491653855759759 0.0010263082766176698235 -0.74189711473132702313 0.6705127114279622047
135.70147775000000934 39.134033203125 -320.30370998382568359 -0.0011287307424936443567 -0.0010880794772081356803 0.001615191580745967137 -0.81105333795637046812 0.58496896518451146907
136.20147775800001 37.461578369140625 -322.47869777679443359 -0.0010419082245789468288 -0.00097993539340334107415 0.0024706673817006482609 -0.9118580371651712202 0.41049708352995045724
136.70147776499999281 34.994140625 -323.72137355804443359 -0.00076805113349109888077 -0.0004239898881893995196 0.0020713665624843696778 -0.9785559636896415947 0.20597027843981610684
137.20147777299999348 32.2391357421875 -324.22714138031005859 -5.7258643209934234619e-05 -0.00019046344548192433496 0.00095762233770563254254 -0.99688759760517897668 0.078829971610480081834
137.70147778000000471 29.42913818359375 -324.38799953460693359 0.00039302825462073087692 1.1200287221924115763e-05 0.00029118448847830332099 -0.99969242292372939573 0.024798682122861941818
138.20147778699998753 26.6156005859375 -324.42480373382568359 0.00034225464332848787308 -1.5924272595401504579e-06 0.0001091826694613743428 -0.99998592670796282444 0.0053041929287644881685
138.70147779499998819 23.80206298828125 -324.42367458343505859 0.00033985136542469263077 2.4369892136345185915e-06 -2.7431156167952842575e-05 0.99999996888358422265 0.00024794036188665420292
139.20147780199999943 20.98760986328125 -324.41226100921630859 0.00034069060347974300385 8.7116897129873572015e-07 -1.0654538565476029383e-05 0.999997689617119212 0.0021495688278559536323
139.70147781000000009 18.17333984375 -324.40258693695068359 0.00034030911047011613846 1.7218346220108820352e-06 -3.9976335603785087826e-06 0.99999859450869321709 0.0016765922856747208277
140.20147781700001133 15.35888671875 -324.39407253265380859 0.00034023285843431949615 1.5348687477022474216e-06 3.2829593064674125714e-05 0.99999907038617008581 0.0013631385321456732963
140.70147782500001199 12.54443359375 -324.38918972015380859 0.0003403854789212346077 1.485665039474661109e-06 -4.7950717949527240364e-06 0.99999956904460973739 0.00092837782977389855018
141.20147783199999481 9.72998046875 -324.38568019866943359 0.00034042354673147201538 1.4910238688930221466e-06 1.6400344438028994328e-06 0.99999984686907117393 0.00055340484382466483514
141.70147783999999547 6.9281005859375 -324.38336086273193359 0.00034946447703987360001 -1.197882757564153445e-05 4.2575617800772726592e-06 0.99999991959654888074 0.00040080578424373376452
142.2014778470000067 4.1531982421875 -324.38186550140380859 0.00034767156466841697693 -9.3572446308333519536e-06 3.3524749073065685551e-06 0.99999997914297455992 0.00020399816942955105795
142.70147785399998952 1.40386962890625 -324.38110256195068359 0.00034755712840706110001 -9.0609433192167964424e-06 -7.1892256071407200795e-06 0.99999998951561797078 0.00014434326542577379112
143.20147786199999018 -1.320220947265625 -324.36718654632568359 0.00034687039442360401154 -8.5660644696373082198e-06 -1.4355733487693319835e-05 0.99999560455602487519 0.0029648927747182442054
143.70147786900000142 -4.020172119140625 -324.34591579437255859 0.0003481673775240778923 -9.8611742393771371473e-06 -6.618724675733226959e-06 0.99999208678306106268 0.0039782194771567531977
144.20147787700000208 -6.746551513671875 -324.08291530609130859 0.00026569364126771688461 4.7666250329223103601e-05 -0.0010216862895921251849 0.99794221762102586215 0.064111497991260119056
144.70147788400001332 -9.40771484375 -323.23727321624755859 0.00039028166793286800385 -0.00036172821323801526141 -0.0016676799528278338138 0.98531147058123225158 0.17075829097681935465
145.20147789200001398 -11.606231689453125 -321.54507350921630859 0.00041706091724336147308 -0.00089681566533784929339 -0.0020814674565148888648 0.93679367028282189978 0.34987495270872065456
145.7014778989999968 -12.88409423828125 -319.10763454437255859 0.00042964937165379524231 -0.0014498859040456902377 -0.0020135283117644268806 0.84105680380755354353 0.54094112092133028735
146.20147790699999746 -13.331695556640625 -316.33749294281005859 0.00037250516470521688461 -0.00059341992542536489783 -0.00061523256836231452263 0.75612449655618507727 0.65442724198289181636
146.7014779140000087 -13.45025634765625 -313.53253078460693359 0.00033824925776571035385 -0.00020274552072776171638 -0.00021700518237929061131 0.71979059661810551596 0.69419119039581334007
147.20147792200000936 -13.458648681640625 -310.71945095062255859 0.00034168246202170848846 -5.9432871236323010983e-05 -5.8829143868450913804e-05 0.70803244092469719284 0.70617990314443312982
147.70147792899999217 -13.43768310546875 -307.90396022796630859 0.00034198758658021688461 -2.1764621433319608493e-05 -2.0412530093724805686e-05 0.70421782506738439533 0.70998398148619690229
148.20147793600000341 -13.414276123046875 -305.09063625335693359 0.00033935543615370988846 2.5562695535656032589e-06 -1.9137702622526149912e-06 0.70441448898270009327 0.7097888613531804225
148.70147794400000407 -13.3936767578125 -302.27639675140380859 0.00034046173095703125 -1.2391436485576291741e-06 -2.9098871980848733556e-06 0.70452156544189059595 0.70968257962085057322
149.20147795099998689 -13.380096435546875 -299.46224880218505859 0.00034027104265987873077 4.7350987571151162574e-06 2.4426391104088398425e-06 0.70547707624156619222 0.70873273867464559039
149.70147795899998755 -13.369720458984375 -296.64819240570068359 0.00034046173095703125 2.2140015350986240889e-05 1.9962289032206300267e-05 0.70592374694406512248 0.70828783881397983091
150.20147796599999879 -13.3631591796875 -293.83401393890380859 0.0003403854789212346077 3.7245926741088363095e-06 1.6111852232223406422e-06 0.70630274214369992425 0.70790990699652012186
150.70147797399999945 -13.357879638671875 -291.01986598968505859 0.0003403854789212346077 4.8178383870517836498e-06 2.7045675449155959386e-06 0.70654934077697184591 0.70766378246812966513
151.20147798100001069 -13.353851318359375 -288.20571804046630859 0.00034042354673147201538 8.6449203043026736514e-07 -1.2425874533773996426e-06 0.7066141217238823824 0.70759909763798822802
151.70147798900001135 -13.350982666015625 -285.39153957366943359 0.00034042354673147201538 4.2111685896829930515e-06 2.1007494422720073216e-06 0.70676203563454076395 0.7074513587262186709
152.20147799599999416 -13.348785400390625 -282.57739162445068359 0.00034034729469567537308 8.6482134924089660116e-07 -1.2423582751628180543e-06 0.70680164682561519296 0.70741178392949244369
152.7014780030000054 -13.347015380859375 -279.76321315765380859 0.00034034729469567537308 5.6594670950456740788e-06 3.5490224186412268459e-06 0.70686852393850507781 0.70734495815010511865
153.20147801100000606 -13.345001220703125 -276.94906520843505859 0.0003403854789212346077 1.0533157029294894187e-06 -1.0540264870382632685e-06 0.70686824138053683253 0.7073452405476173821
153.70147801799998888 -13.343048095703125 -274.13491725921630859 0.00034042354673147201538 1.1439660633772902906e-06 -9.6343725677688083357e-07 0.70686824138066617351 0.70734524054747660582
154.20147802599998954 -13.341156005859375 -271.32073879241943359 0.00034042354673147201538 1.2773131640173283189e-06 -8.3016991506382322887e-07 0.70688430037475136203 0.70732919201838229117
154.70147803300000078 -13.33929443359375 -268.50659084320068359 0.0003403854789212346077 1.0677810491319348479e-06 -1.0395711555019261464e-06 0.70686188361366897315 0.7073515939700106836
155.20147804100000144 -13.33740234375 -265.69241237640380859 0.0003403854789212346077 1.1348943472286271752e-06 -9.7250076043176849068e-07 0.70687733053339885103 0.70733615740731248245
155.70147804800001268 -13.33544921875 -262.87826442718505859 0.0003403854789212346077 1.1453115635518252182e-06 -9.6209030143145014263e-07 0.70687733053341306189 0.70733615740729560706
156.20147805600001334 -13.33349609375 -260.06411647796630859 0.0003403854789212346077 1.1462186813658917991e-06 -9.6118377203637858896e-07 0.70687733053341428313 0.70733615740729416377
156.70147806299999615 -13.33154296875 -257.24993801116943359 0.0003403854789212346077 1.1448634923423755453e-06 -9.6253808199110061446e-07 0.70687733053341250677 0.70733615740729638421
157.20147807099999682 -13.32958984375 -254.43579006195068359 0.0003403854789212346077 1.1443839770468229305e-06 -9.6301728624005692456e-07 0.70687733053341172962 0.70733615740729716137
157.70147807800000805 -13.327850341796875 -251.62162685394287109 0.00034034729469567537308 8.6500529793165453075e-07 -1.2422302059274467905e-06 0.7069063867823246472 0.70730711881336749691
158.20147808499999087 -13.325897216796875 -248.80746364593505859 0.00034042354673147201538 1.1443265818841477761e-06 -9.6306736795622527311e-07 0.70690563331324007823 0.70730787185480281654
158.70147809299999153 -13.323944091796875 -245.99330043792724609 0.00034042354673147201538 1.1461440851671859469e-06 -9.6125089826817315555e-07 0.70690563331324252072 0.70730787185479992996
159.20147810000000277 -13.321990966796875 -243.17915248870849609 0.00034042354673147201538 1.1461309769713293678e-06 -9.6126399900953649962e-07 0.70690563331324252072 0.70730787185479992996
159.70147810800000343 -13.320037841796875 -240.36498928070068359 0.00034042354673147201538 1.1485561896873639565e-06 -9.5884016548644545444e-07 0.70690563331324574037 0.70730787185479582213
160.20147811499998625 -13.318267822265625 -237.55082607269287109 0.0003403854789212346077 1.1704425663183961723e-06 -9.3695472369513777374e-07 0.70694043334959888458 0.70727308989755410806
160.70147812299998691 -13.316802978515625 -234.73666286468505859 0.00034042354673147201538 1.0534603258684723296e-06 -1.0538819417928927299e-06 0.70696529619730053007 0.70724823787015733689
161.20147812999999815 -13.31549072265625 -231.92249965667724609 0.00034042354673147201538 1.11813610765218418e-07 -1.9952568585496805207e-06 0.70700470766957579372 0.70720883996812733407
161.70147813799999881 -13.31439208984375 -229.10835170745849609 0.00034034729469567537308 1.2270022494648322736e-06 -8.8040692758205192795e-07 0.70697042875998894473 0.70724310732352613229
162.20147814500001004 -13.312835693359375 -226.29418849945068359 0.0003403854789212346077 8.6505814658872325175e-07 -1.2421934040192212367e-06 0.70693647781550927878 0.70727704354906828499
162.70147815300001071 -13.311004638671875 -223.48002529144287109 0.00034030911047011613846 -3.4673412594108309761e-06 -5.5722858745515719718e-06 0.70691919562056082516 0.70729431697144751201
163.20147815999999352 -13.309417724609375 -220.66586208343505859 0.00034042354673147201538 1.070690309427103946e-06 -1.0366591907812567556e-06 0.7069583271538485425 0.70725520405693087511
163.70147816700000476 -13.30767822265625 -217.88822841644287109 0.00038814544677734375 -4.9885263346252561238e-05 4.8401527958489934682e-05 0.70694292743685149816 0.70727059356074406526
164.20147817500000542 -13.307098388671875 -216.45890712738037109 0.00093536369968205690384 -0.00088468150003500711613 0.00088514834991864808304 0.70694915629095855802 0.70726326376431025711
164.70147818199998824 -13.307098388671875 -216.45812892913818359 0.00035934452898800373077 -0.00020871240328163874543 0.0002089627773097205599 0.7069496319870940404 0.70726383380390844824
165.2014781899999889 -13.307098388671875 -216.45812892913818359 0.00035934452898800373077 -0.00020871240328163874543 0.0002089627773097205599 0.7069496319870940404 0.70726383380390844824
165.70147819700000014 -13.307098388671875 -216.45812892913818359 0.00035934452898800373077 -0.00020871240328163874543 0.0002089627773097205599 0.7069496319870940404 0.70726383380390844824
166.2014782050000008 -13.307098388671875 -216.45812892913818359 0.00035934452898800373077 -0.00020871240328163874543 0.0002089627773097205599 0.7069496319870940404 0.70726383380390844824
166.70147821200001204 -13.307098388671875 -216.45812892913818359 0.00035934452898800373077 -0.00020871240328163874543 0.0002089627773097205599 0.7069496319870940404 0.70726383380390844824
167.2014782200000127 -13.307037353515625 -216.31140041351318359 -7.9727033153176307678e-06 0.00015869655042506972641 -0.00016060779443903146191 0.70704447537726944351 0.70716904546156644784
167.70147822699999551 -13.30682373046875 -215.47822475433349609 -5.9356680139899253845e-05 0.00024719714806167256702 -0.00024600538899519492882 0.7070234987543819738 0.70718996781913623373
168.20147823400000675 -13.306396484375 -213.82217311859130859 -7.293699309229850769e-05 0.00026239565288149188172 -0.00026064694542912855094 0.70700178744767228078 0.70721166262830215121
168.70147824200000741 -13.30596923828125 -211.40159511566162109 0.00033435819204896688461 0.00014592683336059859909 -0.00012482334538211557447 0.70714551469583286636 0.70706801947907205186
169.20147824899999023 -13.30706787109375 -208.65119838714599609 0.00036857603117823600769 -2.5239196321164444035e-05 2.2217606978463568646e-05 0.70723439908203789006 0.7069791394549272967
169.70147825699999089 -13.33819580078125 -205.96675014495849609 0.0003052520332857966423 0.00049120122904288776675 0.00042557652345248577624 0.71528506326281260375 0.69883249486489207314
170.20147826400000213 -13.561187744140625 -203.13531398773193359 0.0003689957084134221077 9.7718984798640640653e-05 0.00016672139770620885888 0.73577820947184990885 0.67722255508907425181
170.70147827200000279 -13.979278564453125 -200.37403774261474609 0.00033302302472293376923 0.00065218631923428388442 0.00076298393561314366458 0.76803305540370681026 0.6404094146058173509
171.20147827900001403 -15.05108642578125 -197.80409145355224609 0.00065872201230376958847 0.0009932928918360188833 0.0014236592813770512951 0.84360370492625069705 0.53696347696857871234
171.70147828699998627 -16.83343505859375 -195.66174221038818359 0.0011451338650658726692 0.0006631285943848489817 0.0018228186464180587585 0.91433302463393628656 0.40495846411256475328
172.2014782939999975 -19.15478515625 -194.12879848480224609 0.00068153382744640111923 0.00041741159006772939749 0.0022182039083999626448 0.96421370002739636984 0.26511666492030144804
172.70147830199999817 -21.827484130859375 -193.30340480804443359 0.00035633088555186986923 0.00014356944695012338977 0.0015614587686072415977 0.99114966708270835216 0.13273989105074740502
173.2014783090000094 -24.621490478515625 -193.00646877288818359 0.00034763338044285774231 1.3427277939504628224e-05 0.00051282650196922158637 0.99887476051233414776 0.047423091844732465083
173.70147831599999222 -27.43023681640625 -192.91325283050537109 0.00033817288931459188461 7.5063694802824787857e-06 0.00018248310249230627572 0.99989706525328592157 0.014346621255122725402
174.20147832399999288 -30.24505615234375 -192.89497280120849609 0.00034194951876997947693 -3.6957378598921606862e-07 6.7669258361630733206e-05 0.99999695724723258738 0.0024659515427980587508
174.70147833100000412 -33.059539794921875 -192.89723110198974609 0.00034061435144394636154 -1.1822375206605080674e-06 -1.8252382861453207859e-05 -0.9999998540565253613 0.00053995590644345962863
175.20147833900000478 -35.873565673828125 -192.90627956390380859 0.00034015660639852285385 -1.9552934469958560943e-06 -6.9252701960815475567e-06 -0.99999858196236224295 0.00168404913288238995
175.7014783459999876 -38.687652587890625 -192.91244411468505859 0.00034027104265987873077 -1.5487919824159220063e-06 -7.5878829166502327677e-07 -0.99999924913037230301 0.0012254532700531745298
176.20147835399998826 -41.501800537109375 -192.91746425628662109 0.00034027104265987873077 -1.4362638777973934877e-06 7.7220979266145440379e-06 -0.99999972254148083994 0.00074488607694004878388
176.7014783609999995 -44.31591796875 -192.92077541351318359 0.0003403854789212346077 -1.4943659628111698072e-06 7.9886884320956052689e-06 -0.99999985847284345031 0.00053196639073041940976
177.20147836900000016 -47.13006591796875 -192.92324733734130859 0.00034046173095703125 -1.488758236772114741e-06 -3.7546546588181320543e-06 -0.99999993459384917127 0.00036165727374006017072
177.70147837600001139 -49.944244384765625 -192.92484951019287109 0.0003403854789212346077 -1.4896865393594861686e-06 -1.5524085887344474213e-06 -0.99999996171556559954 0.00027670243604034758158
178.20147838299999421 -52.758392333984375 -192.92584133148193359 0.00034042354673147201538 -1.4914653185593763335e-06 8.7882016982861412864e-06 -0.99999998817435320486 0.00015353122313804123825
178.70147839099999487 -55.572540283203125 -192.92645168304443359 0.0003403854789212346077 -1.4900563819560998653e-06 -4.4855359277722465737e-07 -0.9999999911509777073 0.00013302489672518263975
179.20147839800000611 -58.38671875 -192.92700099945068359 0.0003403854789212346077 -1.4900047633287920853e-06 -1.6450411854636409828e-06 -0.99999999770966163659 6.7644294087499854361e-05
179.70147840600000677 -61.20086669921875 -192.92703151702880859 0.0003403854789212346077 -1.4901095663790558277e-06 -1.7610636716099307404e-07 -0.99999999932353333953 3.6751623297147010096e-05
180.20147841299998959 -64.0150146484375 -192.92678737640380859 0.0003403854789212346077 1.4895517582394030813e-06 -6.3917181443228210911e-06 0.99999999608144884977 8.828379954383006403e-05
180.70147842099999025 -66.829193115234375 -192.92666530609130859 0.00034042354673147201538 1.4901215629980788338e-06 1.2165320214293535637e-07 0.99999999896798918986 4.5406896388860245575e-05
181.20147842800000149 -69.643341064453125 -192.92611598968505859 0.00034042354673147201538 1.4901650257660733409e-06 4.7401466272516011758e-07 0.99999999466016575855 0.00010333064940459600427
181.70147843600000215 -72.45751953125 -192.92513942718505859 0.00034042354673147201538 1.4901289761541699567e-06 1.2595092030854396848e-07 0.99999999472884504303 0.00010266485965410448468
182.20147844300001339 -75.27166748046875 -192.92442226409912109 0.0003403854789212346077 1.4900296468961711238e-06 -1.0653853978770453013e-06 0.99999999671026418291 8.1093256691312117748e-05
182.70147845100001405 -78.0858154296875 -192.92419338226318359 0.0003403854789212346077 1.4901042626832802343e-06 -2.6638196862992969337e-07 0.99999999902165981336 4.4208474477705458135e-05
183.20147845799999686 -80.899993896484375 -192.92426967620849609 0.0003403854789212346077 1.4901196840423353125e-06 1.3100586957011506304e-07 0.99999999961162588935 2.7830033192513617548e-05
183.7014784650000081 -83.714141845703125 -192.92408657073974609 0.00034042354673147201538 1.4901229430639376867e-06 8.9509736116261182079e-08 0.99999999702679542857 7.7098513347903559613e-05
184.20147847300000876 -86.5283203125 -192.92407131195068359 0.00034042354673147201538 1.4901214042738235861e-06 1.1815760415990332759e-07 0.99999999896798963395 4.540689639406911873e-05
184.70147847999999158 -89.34246826171875 -192.92394924163818359 0.00034042354673147201538 1.4904197622345284525e-06 7.9198806190641079784e-06 0.99999999923218474418 3.8349507884956884212e-05
185.20147848799999224 -92.1566162109375 -192.92393398284912109 0.0003403854789212346077 1.4901213301702856101e-06 1.1652561554779050102e-07 0.99999999896798985599 4.5406896396500984203e-05
185.70147849500000348 -94.970794677734375 -192.92361354827880859 0.0003403854789212346077 1.4894269310048160719e-06 -7.4569882164872289742e-06 0.99999999570112629854 9.2411700803197028686e-05
186.20147850300000414 -97.7849578857421875 -192.92353725433349609 0.0003403854789212346077 1.4901275183752457728e-06 1.3486524418119908338e-07 0.99999999637889702697 8.5087996524077036484e-05
186.70147850999998695 -100.5991058349609375 -192.92353725433349609 0.00034042354673147201538 1.4901269764089874817e-06 1.2849576460415747829e-07 0.99999999637889780413 8.5087996533568359143e-05
187.20147851799998762 -103.41326904296875 -192.92330837249755859 0.00034042354673147201538 1.4902387854907619118e-06 1.3168180513918450441e-06 0.99999999565391128886 9.3210636055304383826e-05
187.70147852499999885 -106.2274322509765625 -192.92303371429443359 0.0003403854789212346077 1.490306895338295928e-06 1.4346531511388291176e-06 0.99999999115004922778 0.00013302489391886249495
188.20147853200001009 -109.041595458984375 -192.92205715179443359 0.0003403854789212346077 1.4901326032129351188e-06 1.3253581327473172154e-07 0.99999999219859436739 0.00012490225460201853603
188.70147854000001075 -111.8557586669921875 -192.92185878753662109 0.0003403854789212346077 1.4901030566603432895e-06 -2.66388651391568689e-07 0.99999999881126289125 4.8735848325954561264e-05
189.20147854699999357 -114.6699066162109375 -192.92198085784912109 0.0003403854789212346077 1.4901160772959165869e-06 3.918181561786233387e-09 0.9999999999476824053 1.0120012136305767529e-05
189.70147855499999423 -117.48406982421875 -192.92178249359130859 0.00034042354673147201538 1.4901466880314375112e-06 6.0095697593658226423e-07 0.99999999869823286147 5.099953395725229853e-05
190.20147856200000547 -120.2982330322265625 -192.92150783538818359 0.00034042354673147201538 1.4901179194787267431e-06 2.6070010461788913936e-08 0.99999999740411615878 7.2038507385270846256e-05
190.70147857000000613 -123.112396240234375 -192.92149257659912109 0.00034042354673147201538 1.4901239263315849233e-06 1.4410426421422491185e-07 0.99999999850130449897 5.4727960158895207785e-05
191.20147857699998895 -125.926544189453125 -192.92149257659912109 0.00034042354673147201538 1.4901232657011026605e-06 1.3203309475298791012e-07 0.9999999985013061643 5.4727960176882738466e-05
191.70147858499998961 -128.7407073974609375 -192.92115688323974609 0.0003403854789212346077 1.4903839021704425127e-06 6.7504041443121845674e-06 0.99999999918881099514 3.968109017183193743e-05
192.20147859200000084 -131.55487060546875 -192.92095851898193359 0.0003403854789212346077 1.4901239625836720116e-06 1.0975408729106083879e-07 0.99999999739450917691 7.2171665314807570391e-05
192.70147860000000151 -134.3690338134765625 -192.92068386077880859 0.00034042354673147201538 1.4901468767334296654e-06 3.4152300219652957798e-07 0.99999999592348731703 9.0281160321757739648e-05
193.20147860700001274 -137.183197021484375 -192.92002773284912109 0.00034042354673147201538 1.4901439324050541704e-06 2.4900891828685127789e-07 0.99999999372843517698 0.00011198592323244239261
193.70147861399999556 -139.997344970703125 -192.91931056976318359 0.00034042354673147201538 1.4901253941597361573e-06 9.917667035541209576e-08 0.99999999555491203562 9.427590230112285741e-05
194.20147862199999622 -142.8115081787109375 -192.91833400726318359 0.0003403854789212346077 1.4901282338689462843e-06 1.2929793282951984191e-07 0.99999999555490859393 9.4275902256238364695e-05
194.70147862900000746 -145.62567138671875 -192.91784572601318359 0.0003403854789212346077 1.4902515620028888012e-06 6.4010625094154627337e-06 0.99999999975427333876 2.1172121125641062052e-05
195.20147863700000812 -148.4398345947265625 -192.91792201995849609 0.0003403854789212346077 -1.4899963895694965191e-06 -6.6069322834740713295e-06 -0.9999999998130869594 1.8109505256299789956e-05
195.70147864399999094 -151.253997802734375 -192.91802883148193359 0.00034042354673147201538 1.4901160369512096077e-06 -4.2858925744338242532e-11 0.99999999958525942478 2.8762139768828096391e-05
196.2014786519999916 -154.068145751953125 -192.91781520843505859 0.00034042354673147201538 1.4901809361437582475e-06 1.4292331429365913914e-06 0.99999999896697533419 4.5406894440368367747e-05
196.70147865900000284 -156.8823089599609375 -192.91789150238037109 0.00034042354673147201538 1.4901181765388959196e-06 1.0779328365401393667e-07 0.99999999980206033534 1.984054995912184875e-05
197.2014786670000035 -159.69647216796875 -192.91792201995849609 0.00034042354673147201538 1.4901526495257448934e-06 1.3155349793430052348e-06 0.99999999961076901922 2.7830031427403942508e-05
197.70147867399998631 -162.5106353759765625 -192.91775417327880859 0.0003403854789212346077 1.4901220477335808969e-06 8.7251570684700149595e-08 0.99999999762922631152 6.8842713994057320873e-05
198.20147868099999755 -165.324798583984375 -192.91751003265380859 0.0003403854789212346077 1.4901623755188577976e-06 5.9480025814609781961e-07 0.9999999969647056508 7.7897460919376711338e-05
198.70147868899999821 -168.138946533203125 -192.91746425628662109 0.00034042354673147201538 1.4901246378851158043e-06 1.441236062494811411e-07 0.99999999821953122758 5.9654808167460533319e-05
199.20147869600000945 -170.9531097412109375 -192.91718959808349609 0.00034042354673147201538 1.4894750525894606224e-06 -6.6580456446777885784e-06 0.99999999534245331834 9.6273283176370716939e-05
199.70147870400001011 -173.76727294921875 -192.91702175140380859 0.00034042354673147201538 1.4901341267317973457e-06 2.2118878409618802275e-07 0.99999999665659444759 8.1759045044471273587e-05
200.20147871099999293 -176.5814361572265625 -192.91708278656005859 0.0003403854789212346077 1.4902906353454483717e-06 6.622239348431252322e-06 0.99999999962939833953 2.6365284920265951558e-05
200.70147871899999359 -179.395599365234375 -192.91680812835693359 0.0003403854789212346077 1.4901646175269110494e-06 5.8648057012127007539e-07 0.99999999656878468812 8.28243089325167534e-05
201.20147872600000483 -182.209747314453125 -192.91673183441162109 0.0003403854789212346077 1.4900519193468692081e-06 -1.0653538028977925827e-06 0.99999999818705820331 6.0187442186839422637e-05
201.70147873400000549 -185.0239105224609375 -192.91633510589599609 0.00034042354673147201538 1.4901804335049315892e-06 6.1441401007829199159e-07 0.99999999450766430265 0.0001047953877869620354
202.2014787409999883 -187.83807373046875 -192.91554164886474609 0.00034042354673147201538 1.4904371994786393673e-06 6.6260221830614957178e-06 0.99999999880228995774 4.846952194577242983e-05
202.70147874899998897 -190.6522979736328125 -192.91534328460693359 0.00034042354673147201538 1.4901745081733760009e-06 1.2727391006527740582e-06 0.99999999894285973578 4.5939526891123208324e-05
203.2014787560000002 -193.4665374755859375 -192.91543483734130859 0.00034042354673147201538 -1.4901148317248307051e-06 -1.5887802266389635281e-07 -0.99999999997007305019 7.5900093434823266863e-06
203.70147876300001144 -196.28076171875 -192.91523647308349609 0.0003403854789212346077 1.4901774505899195717e-06 1.3367888796265598577e-06 0.99999999894277613599 4.5939526795677767222e-05
204.2014787710000121 -199.0949859619140625 -192.91505336761474609 0.0003403854789212346077 1.4901999166321894487e-06 1.3205419476566732111e-06 0.99999999798085181801 6.3516389987745269503e-05
204.70147877799999492 -201.909210205078125 -192.91506862640380859 0.0003403854789212346077 1.4900758933743208436e-06 -1.0653205249087891744e-06 0.99999999928829053086 3.7683731002922498656e-05
205.20147878599999558 -204.72344970703125 -192.91485500335693359 0.00034042354673147201538 1.4902447142396382562e-06 1.4336800143456949595e-06 0.9999999959704628516 8.974852647850306835e-05
205.70147879300000682 -207.5377044677734375 -192.91485500335693359 0.00034042354673147201538 1.4901273324979524318e-06 1.3808808480109297624e-07 0.9999999966566094356 8.1759045168302177885e-05
206.20147880100000748 -210.3519134521484375 -192.91418361663818359 0.00034042354673147201538 1.4901464073164477261e-06 2.4971548711740493669e-07 0.99999999260882443952 0.00012157330309012750926
206.70147880799999029 -213.1661529541015625 -192.91393947601318359 0.00034042354673147201538 1.490116034561755498e-06 -9.464679430172485747e-11 0.99999999798172378718 6.3516391955702425245e-05
207.20147881599999096 -215.980377197265625 -192.91390895843505859 0.0003403854789212346077 1.4901211649973070135e-06 1.1029873712680335949e-07 0.99999999891905277938 4.6472160840647500546e-05
207.70147882300000219 -218.7946014404296875 -192.91358852386474609 0.0003403854789212346077 1.4893534493042638662e-06 -6.3917633399058581588e-06 0.99999999286107010832 0.00011930962607412154734
208.20147883100000286 -221.60882568359375 -192.91299343109130859 0.00034042354673147201538 1.4900046783555920053e-06 -1.0654198731845239932e-06 0.99999999453515875381 0.00010452907418258610089
208.70147883800001409 -224.4230499267578125 -192.91252040863037109 0.00034042354673147201538 1.4901160362980209974e-06 -6.1510495272367308858e-11 0.99999999914691195535 4.1278996884502647106e-05
209.20147884499999691 -227.237274169921875 -192.91216945648193359 0.00034042354673147201538 1.4901344742294972707e-06 2.2397910665445324113e-07 0.99999999661290461805 8.2291677256628452571e-05
209.70147885299999757 -230.051483154296875 -192.91195583343505859 0.0003403854789212346077 1.4901500730240739332e-06 4.1021417296301252163e-07 0.9999999965578348915 8.2957467249306207418e-05
210.20147886000000881 -232.86572265625 -192.91195583343505859 0.0003403854789212346077 1.4901268931870953593e-06 1.3164184804989401221e-07 0.99999999660195437734 8.2424835448131637057e-05
210.70147886800000947 -235.6799468994140625 -192.91187953948974609 0.00034042354673147201538 1.4895500561118040993e-06 -6.3917175250988937218e-06 0.99999999605790201862 8.8550115651725173275e-05
211.20147887499999229 -238.464935302734375 -192.91168117523193359 0.00038856512401252985001 -7.0035448052172975721e-05 1.1886839513674745365e-07 0.99999999544488060721 6.4847980345855219518e-05
211.70147888299999295 -239.12149810791015625 -192.91175746917724609 0.00051689159590750932693 -0.00055682651067609360059 1.1837102357403777433e-07 0.99999984462453350709 2.6365348438902286136e-05
212.20147889000000418 -239.1217041015625 -192.91175746917724609 0.00036571500822901725769 -0.00030624862819995083861 1.2283880090166950531e-07 0.99999995276181696813 2.623217066311810705e-05
212.70147889800000485 -239.1217041015625 -192.91175746917724609 0.00036571500822901725769 -0.00030624862819995083861 1.2283880090166950531e-07 0.99999995276181696813 2.623217066311810705e-05
213.20147890499998766 -239.1217041015625 -192.91175746917724609 0.00036571500822901725769 -0.00030624862819995083861 1.2283880090166950531e-07 0.99999995276181696813 2.623217066311810705e-05
213.7014789119999989 -239.1217041015625 -192.91175746917724609 0.00036571500822901725769 -0.00030624862819995083861 1.2283880090166950531e-07 0.99999995276181696813 2.623217066311810705e-05
214.20147891999999956 -239.1217041015625 -192.91175746917724609 0.00036571500822901725769 -0.00030624862819995083861 1.2283880090166950531e-07 0.99999995276181696813 2.623217066311810705e-05
214.7014789270000108 -239.1217041015625 -192.91175746917724609 0.00036571500822901725769 -0.00030624862819995083861 1.2283880090166950531e-07 0.99999995276181696813 2.623217066311810705e-05
215.20147893500001146 -239.1217041015625 -192.91175746917724609 0.00036571500822901725769 -0.00030624862819995083861 1.2283880090166950531e-07 0.99999995276181696813 2.623217066311810705e-05
215.70147894199999428 -239.1217041015625 -192.91175746917724609 0.00036571500822901725769 -0.00030624862819995083861 1.2283880090166950531e-07 0.99999995276181696813 2.623217066311810705e-05
216.20147894999999494 -239.1217041015625 -192.91175746917724609 0.00036571500822901725769 -0.00030624862819995083861 1.2283880090166950531e-07 0.99999995276181696813 2.623217066311810705e-05
216.70147895700000618 -239.1217041015625 -192.91175746917724609 0.00036571500822901725769 -0.00030624862819995083861 1.2283880090166950531e-07 0.99999995276181696813 2.623217066311810705e-05
217.20147896500000684 -239.1217041015625 -192.91175746917724609 0.00036571500822901725769 -0.00030624862819995083861 1.2283880090166950531e-07 0.99999995276181696813 2.623217066311810705e-05
217.70147897199998965 -239.1217041015625 -192.91175746917724609 0.00036571500822901725769 -0.00030624862819995083861 1.2283880090166950531e-07 0.99999995276181696813 2.623217066311810705e-05
218.20147897999999032 -239.1217041015625 -192.91175746917724609 0.00036571500822901725769 -0.00030624862819995083861 1.2283880090166950531e-07 0.99999995276181696813 2.623217066311810705e-05
218.70147898700000155 -239.1217041015625 -192.91175746917724609 0.00036571500822901725769 -0.00030624862819995083861 1.2283880090166950531e-07 0.99999995276181696813 2.623217066311810705e-05
219.20147899400001279 -239.1217041015625 -192.91175746917724609 0.00036571500822901725769 -0.00030624862819995083861 1.2283880090166950531e-07 0.99999995276181696813 2.623217066311810705e-05
219.70147900200001345 -239.1217041015625 -192.91175746917724609 0.00036571500822901725769 -0.00030624862819995083861 1.2283880090166950531e-07 0.99999995276181696813 2.623217066311810705e-05
220.20147900899999627 -239.1217041015625 -192.91175746917724609 0.00036571500822901725769 -0.00030624862819995083861 1.2283880090166950531e-07 0.99999995276181696813 2.623217066311810705e-05
220.70147901699999693 -239.1217041015625 -192.91175746917724609 0.00036571500822901725769 -0.00030624862819995083861 1.2283880090166950531e-07 0.99999995276181696813 2.623217066311810705e-05
221.20147902400000817 -239.1217041015625 -192.91175746917724609 0.00036571500822901725769 -0.00030624862819995083861 1.2283880090166950531e-07 0.99999995276181696813 2.623217066311810705e-05
221.70147903200000883 -239.1217041015625 -192.91175746917724609 0.00036571500822901725769 -0.00030624862819995083861 1.2283880090166950531e-07 0.99999995276181696813 2.623217066311810705e-05
222.20147903899999164 -239.1217041015625 -192.91175746917724609 0.00036571500822901725769 -0.00030624862819995083861 1.2283880090166950531e-07 0.99999995276181696813 2.623217066311810705e-05
222.70147904699999231 -239.1217041015625 -192.91175746917724609 0.00036571500822901725769 -0.00030624862819995083861 1.2283880090166950531e-07 0.99999995276181696813 2.623217066311810705e-05
223.20147905400000354 -239.1217041015625 -192.91175746917724609 0.00036571500822901725769 -0.00030624862819995083861 1.2283880090166950531e-07 0.99999995276181696813 2.623217066311810705e-05
223.70147906099998636 -239.1217041015625 -192.91175746917724609 0.00036571500822901725769 -0.00030624862819995083861 1.2283880090166950531e-07 0.99999995276181696813 2.623217066311810705e-05
224.20147906899998702 -239.1217041015625 -192.91175746917724609 0.00036571500822901725769 -0.00030624862819995083861 1.2283880090166950531e-07 0.99999995276181696813 2.623217066311810705e-05
224.70147907599999826 -239.1217041015625 -192.91175746917724609 0.00036571500822901725769 -0.00030624862819995083861 1.2283880090166950531e-07 0.99999995276181696813 2.623217066311810705e-05
225.20147908399999892 -239.1217041015625 -192.91175746917724609 0.00036571500822901725769 -0.00030624862819995083861 1.2283880090166950531e-07 0.99999995276181696813 2.623217066311810705e-05
225.70147909100001016 -239.1217041015625 -192.91175746917724609 0.00036571500822901725769 -0.00030624862819995083861 1.2283880090166950531e-07 0.99999995276181696813 2.623217066311810705e-05
226.20147909900001082 -239.1217041015625 -192.91175746917724609 0.00036571500822901725769 -0.00030624862819995083861 1.2283880090166950531e-07 0.99999995276181696813 2.623217066311810705e-05
226.70147910599999364 -239.1217041015625 -192.91175746917724609 0.00036571500822901725769 -0.00030624862819995083861 1.2283880090166950531e-07 0.99999995276181696813 2.623217066311810705e-05
227.2014791139999943 -239.1217041015625 -192.91175746917724609 0.00036571500822901725769 -0.00030624862819995083861 1.2283880090166950531e-07 0.99999995276181696813 2.623217066311810705e-05
227.70147912100000553 -239.1217041015625 -192.91175746917724609 0.00036571500822901725769 -0.00030624862819995083861 1.2283880090166950531e-07 0.99999995276181696813 2.623217066311810705e-05
228.2014791290000062 -239.1217041015625 -192.91175746917724609 0.00036571500822901725769 -0.00030624862819995083861 1.2283880090166950531e-07 0.99999995276181696813 2.623217066311810705e-05
228.70147913599998901 -239.1217041015625 -192.91175746917724609 0.00036571500822901725769 -0.00030624862819995083861 1.2283880090166950531e-07 0.99999995276181696813 2.623217066311810705e-05
229.20147914300000025 -239.1217041015625 -192.91175746917724609 0.00036571500822901725769 -0.00030624862819995083861 1.2283880090166950531e-07 0.99999995276181696813 2.623217066311810705e-05
229.70147915100000091 -239.1217041015625 -192.91175746917724609 0.00036571500822901725769 -0.00030624862819995083861 1.2283880090166950531e-07 0.99999995276181696813 2.623217066311810705e-05
230.20147915800001215 -239.1217041015625 -192.91175746917724609 0.00036571500822901725769 -0.00030624862819995083861 1.2283880090166950531e-07 0.99999995276181696813 2.623217066311810705e-05
230.70147916600001281 -239.1217041015625 -192.91175746917724609 0.00036571500822901725769 -0.00030624862819995083861 1.2283880090166950531e-07 0.99999995276181696813 2.623217066311810705e-05
231.20147917299999563 -239.1217041015625 -192.91175746917724609 0.00036571500822901725769 -0.00030624862819995083861 1.2283880090166950531e-07 0.99999995276181696813 2.623217066311810705e-05
231.70147918099999629 -239.1217041015625 -192.91175746917724609 0.00036571500822901725769 -0.00030624862819995083861 1.2283880090166950531e-07 0.99999995276181696813 2.623217066311810705e-05
232.20147918800000753 -239.1217041015625 -192.91175746917724609 0.00036571500822901725769 -0.00030624862819995083861 1.2283880090166950531e-07 0.99999995276181696813 2.623217066311810705e-05
232.70147919600000819 -239.1217041015625 -192.91175746917724609 0.00036571500822901725769 -0.00030624862819995083861 1.2283880090166950531e-07 0.99999995276181696813 2.623217066311810705e-05
233.201479202999991 -239.1217041015625 -192.91175746917724609 0.00036571500822901725769 -0.00030624862819995083861 1.2283880090166950531e-07 0.99999995276181696813 2.623217066311810705e-05
233.70147921000000224 -239.1217041015625 -192.91175746917724609 0.00036571500822901725769 -0.00030624862819995083861 1.2283880090166950531e-07 0.99999995276181696813 2.623217066311810705e-05
234.2014792180000029 -239.1217041015625 -192.91175746917724609 0.00036571500822901725769 -0.00030624862819995083861 1.2283880090166950531e-07 0.99999995276181696813 2.623217066311810705e-05
234.70147922500001414 -239.1217041015625 -192.91175746917724609 0.00036571500822901725769 -0.00030624862819995083861 1.2283880090166950531e-07 0.99999995276181696813 2.623217066311810705e-05
