96.401477165000002856 4.0140395307273032044e-05 3.6622510134141285257e-05 0.012083774504672815941 0.00016080832453796716115 0.00086324518988010979711 0.00082550842281437820675 0.99999927374187069784
96.751477170000001138 0.00010950309934318649388 -1.3402282654158303218e-06 0.012093113789907185621 -0.0021765727183944553504 -0.0011792303133519596928 -0.0012708710404179431042 0.99999612840943952197
97.151477176000000213 -0.0001277044523807508835 1.1479941968104716743e-05 0.01197247672036425882 -0.0027521509932607376298 -0.00087393080709995834849 -0.0038273406233614928884 0.99998850662075489115
97.501477180999998495 -0.00057395967676267592699 0.00013266031857110061813 0.012090780912536257252 0.00022327053776220140923 -0.0019370555140091371468 -0.0024799488020798509356 0.99999502389769001631
97.801477184999995984 0.00033740771037434367586 0.00042341400020704965043 0.012186254061423353046 0.0046925889230286952844 0.0019369133866881716767 -0.0029052642479941311569 0.99998289356137559647
98.101477189999997108 0.00054320969618282689134 0.00036054000540752269678 0.012654484982830251777 0.00017318157154241358331 0.0013207355852904710015 -0.0048312255581602851079 0.99998744238378478588
98.351477193999997439 0.00040558240278050603118 0.00032042561385196117411 0.012487499047142733288 0.0037902329285888938619 -0.0010536311233772601998 -0.0073287392543418773336 0.99996540619000651162
98.701477198999995721 0.0005104483375901369864 0.00045073734421790579742 0.01240665821875994515 0.0019945364719485170375 0.0038732666246626018015 -0.0077393563458716067155 0.99996056021888579668
99.00147720299999321 5.6135947208272554861e-05 0.00053055275806351864017 0.012449378212515902972 -0.00025090060896645584787 0.0070193700828478583845 -0.010031643292657125774 0.99992501300116165552
99.451477209999993079 0.00064018614412809384494 0.00057444947558080410987 0.011906987512462103088 0.0020458896224484399672 0.0046574178781438541411 -0.0096285439207507705905 0.99994070521022759834
99.751477214000004778 0.00099932288013710119171 0.00032454075959803985619 0.012028303146735537521 0.0050137635135886057455 0.0056449684027491484756 -0.010316471146260318761 0.99991828012605621367
100.0514772190000059 0.00082689842000776018951 0.00034077699540837762303 0.01227822858413654683 0.0047773698637336731859 0.0010224384502948353527 -0.012503157646820924065 0.99990989714356726115
100.40147722400000418 0.052297819159678106404 -0.0010794299389803483583 0.0099849367017988098494 0.002432120520145509418 0.037592848582296910231 -0.014309840358942614233 0.99918771559409469418
100.75147722900000247 0.67737284143852094509 -0.018657405342329774073 -0.0027123733201672370341 0.0023770356352937247434 0.013629451082154471486 -0.011088140883514226859 0.99984280809361980591
101.20147723600000234 2.4788451439404415311 -0.048238061056647470182 0.0044543097727743402245 0.0020647211950757301396 0.0026458894601119665492 -0.0048237142491619304507 0.99998273383903679701
101.6514772430000022 4.7389870947712520177 -0.081070702582325918084 0.03750631332524593381 -0.0042579116684795239797 -0.003897629892607612067 -0.0093339577805411182154 0.99993977613734053023
102.05147724900000128 6.7329546332935601427 -0.13264424870985350169 0.20877660210588258605 0.00053441976636859212912 -0.021902900782240039557 -0.013915109704559157702 0.99966311678222219417
102.45147725500000035 8.9678432059107038299 -0.19717554479807669621 0.072731077893279080793 0.003571917981485219027 -0.00080928015125754132648 -0.018532170073543966643 0.99982155664895300262
102.80147725999999864 11.230713984054036203 -0.28338841583977680827 0.18856803708453725998 0.0067988784032904864621 -0.012679060984056342298 -0.019934225223262522914 0.9996977759952095921
103.25147726699999851 13.76515775232967087 -0.39811017424540445786 0.17134890791135323762 0.0030620900584729490897 -0.013123292133598109949 -0.024596311244290278153 0.99960663477251088249
103.65147727299999758 15.724335864176358868 -0.51560127764200480716 0.098888002063502650207 0.0045762422908407407104 -0.0041514287196310140429 -0.031431830752340336743 0.99948680014377255798
104.00147727799999586 17.982513698255967682 -0.6387156599036388771 0.11224939197502606381 0.0018756643744487751322 -0.0011380193724633386968 -0.028908458982773312107 0.9995796555524245619
104.45147728499999573 20.228636097661990334 -0.78146849862739875547 0.15147165833226108878 0.0024691931367828009666 -0.0050359066183897228247 -0.033162433178494592212 0.99943423783431895036
104.75147728899999322 21.911883877194483716 -0.87601166019331599966 0.13788907714065973265 -0.0019604585677291752957 -0.0043434382638885063455 -0.030353150995351400876 0.99952787723550029497
105.00147729299999355 23.60258557843520677 -0.99069411787177885653 0.1053629793903829992 0.0014079738698912996984 0.0011522212191636630602 -0.033608056832399729741 0.99943343375724325028
105.35147729800000604 25.284868080186761574 -1.1013239516985375843 0.16675111174304224626 0.0010572802604558334018 -0.00037501029767274474602 -0.034156237341359169113 0.99941587588771485517
105.65147730200000353 27.253407538149367895 -1.229929326445807547 0.14830084366944834562 0.001378218551572320651 -0.0018742109261680943259 -0.034351577425193638438 0.99940710272412469628
106.00147730800000545 28.944711018115725665 -1.0913511845732206673 0.062716634063276849309 -0.041337702417315845549 0.0028764284950896414766 -0.055661842604744729557 0.99758943448485593031
106.30147731200000294 30.588273860015252836 -1.7484354285245902183 0.16791909712759206519 0.01927081647206489029 -0.0035306042031957008374 -0.089078708991284560881 0.99583189046691333868
106.75147731900000281 33.3695001623397971 -2.1154090749233600555 0.24073723965522902946 0.003295044796127032799 -0.010092609813930614529 -0.067350175555306604491 0.9976729102063484067
107.0514773230000003 35.047256118446007633 -2.1865538264097250654 0.16925371443304615404 -0.035293774661676394211 -0.0024781186028364401291 -0.11229790902783101658 0.99304450455470427706
107.45147732899999937 36.918331265538363084 -2.6914821694186543688 -0.014289096079926344451 -0.051538811472878490183 0.0047213524656176406383 -0.20072210687739830415 0.97828017231954400579
107.85147733499999845 38.998807450599166202 -3.9787005725337105666 -0.6313092043504024975 -0.067472243953970459374 0.039480867813464187721 -0.37186539303870913553 0.92498912795377119522
108.30147734199999832 40.274085462552037029 -6.3089467555874358951 -0.78628155303516511498 -0.02500130913625165513 0.062149530347002955588 -0.56535220292712207169 0.82212484274869768175
108.6514773469999966 40.598923173866403147 -8.3821766321897754892 -0.084545198320906012057 0.022604184228337865364 0.028141968141785933533 -0.65651604264584817461 0.75344791872637950636
109.00147735199999488 40.651205891849734542 -10.375544848619814076 0.1751540164191268123 0.042340461583798186251 0.0083913590267929091815 -0.69900420259101236908 0.71381369779982339896
109.45147735899999475 40.666226479549102635 -12.306988776287319354 0.2723620040724926139 0.037184658853767510456 -0.0082269472072074214392 -0.71573030024216999223 0.69733761966556162548
109.75147736300000645 40.608611216126831778 -14.539885911880531921 0.25239336670614875846 0.026941430443023960117 -0.0060425828137853337257 -0.72108716317013388242 0.69229397630621569704
110.10147736899999416 40.56101707439941606 -16.503835354996535756 0.2664635322322880806 0.017484093358567869003 -0.0081009125520574345319 -0.72282507700005060869 0.69076232508376111952
110.45147737400000665 40.510317633816839589 -18.463299969293434089 0.2895723144259180204 0.011628984065253077443 -0.0089853822892121751331 -0.72196956789692856571 0.69176872773019248974
110.80147737900000493 40.435184195784181327 -20.4319583361527215 0.32200331986388042171 0.0057665963390967633906 -0.0070152711187838395421 -0.72366468645460757525 0.69009198945962724192
111.2514773860000048 40.3567490174287542 -22.682159973539999243 0.40023553542163559094 -0.00085359311399827364139 -0.0076883927340887720306 -0.72304725168888417386 0.69075526188449243303
111.65147739200000387 40.243115567311591008 -24.930474317981030197 0.43392086135888113807 -0.0021821942910288396299 -0.0094084420934283357479 -0.72519889783363156166 0.68847169718612033495
112.05147739800000295 40.137540479916019365 -27.183122459489599265 0.49045963737877873445 -0.0017430807091328357188 -0.0079754811069509337629 -0.72543032437630872167 0.68824719239967679929
112.35147740200000044 40.042264809466779241 -29.149647787393540455 0.57311149702259556182 -0.0001801554487963974373 -0.012759046433228130035 -0.72280634290190215463 0.69093282230540109534
112.75147740799999951 39.990887701985947444 -31.120838898317924048 0.607655016892711064 -1.5696213263586242619e-06 -0.010175537509041437598 -0.72139960657938673183 0.69244426928168323343
113.05147741300000064 39.923632019105319557 -32.810819488822076551 0.6469990268853862414 -6.3868051658549283801e-05 -0.0090734087831375858507 -0.7223873148660605592 0.69142912615432194912
113.35147741699999813 39.846222562419043811 -34.778392222852673399 0.7140989212197670355 -0.0044895791620854809401 -0.0079875361335369401278 -0.72121290073304755719 0.69265286743193821284
113.70147742199999641 39.80657453191466999 -36.753348407060492775 0.73486052765557274835 -0.0044143102329276193152 -0.0066000053984168411195 -0.71747816911113526661 0.69653573536670843058
114.00147742699999753 39.741036775355723876 -38.442642820430720008 0.7833960821536926078 -0.0060062658420215533916 -0.0031116855617377065825 -0.7199548101949784229 0.69398797789350252785
114.4514774339999974 39.652146936541186051 -41.183067872588736691 0.73236847303125962583 -0.0019309704489570661372 0.0036492448445428695043 -0.71634906166883705048 0.69772987338322156603
114.85147743900000705 39.586743102441104725 -44.119449927641340992 0.72843872157553402058 -0.0042264517687017021108 0.0093993151837408663724 -0.71369142651833628044 0.70038442136711320796
115.15147744399999397 39.517271169267509379 -46.679145170491729289 0.80060924379097431203 -0.0099811879828014381938 0.0037633574877817708645 -0.7124461350493854761 0.70164572091623544914
115.45147744800000567 39.467515732525065175 -49.47464868376393099 0.81877491347692965551 -0.011147151870310243252 0.0052387736873929528422 -0.71180035109197570264 0.70227384718553542697
115.75147745300000679 39.415315211813307883 -52.558803312792115037 0.8687642341306436311 -0.0085011332977485871976 0.0032135040477122150948 -0.71134936677419879913 0.70277982506211400526
116.10147745800000507 39.237619622475627068 -56.470853634036792812 1.0814877876910036214 -0.011481420765111025745 -0.0058065384337805643969 -0.71459530625861777953 0.69941976620752122074
116.55147746500000494 39.066650892021172581 -61.35664270980491608 1.1092696847950460626 -0.0098617679870975395728 -0.0043578718220026405744 -0.71712472334632493265 0.69686145369851548725
116.95147747100000402 38.86446460034451178 -66.686864377963445349 1.318918618093711137 -0.012328970366812332105 -0.0061099274737634315033 -0.71786254133871363337 0.69604887545249505276
117.3014774760000023 38.68692201133728048 -72.414072184243352126 1.5090359871067766662 -0.013162339589104173759 -0.0095791745363132743685 -0.71698899393024595472 0.69689437852133484519
117.70147748200000137 38.558589467665250083 -78.529453739793353861 1.6769682392654012837 -0.011592333463760720602 -0.0082784954541738689504 -0.71522396647998776054 0.69875014281967307017
118.05147748699999966 38.414373655985528444 -84.2038461938384728 1.5908252504905215918 -0.0058469611263331786391 -0.0069707155736548776642 -0.71641615179627970988 0.69761387573312239052
118.45147749299999873 38.184346377806164696 -90.119627411585113919 2.2005899622296349882 -0.010483880096628612338 -0.015397424087415293587 -0.71620046574810958262 0.69764597071278400264
118.9014774999999986 38.059287050930535656 -97.74660329684022031 2.3401822575260577963 -0.012265572261090514419 -0.009976730985537049165 -0.71521053115326072014 0.69873021739682950049
119.25147750499999688 37.872920190012195008 -103.67544983166457939 2.5666456481330484074 -0.0101503787526012728 -0.013987023746770665608 -0.71608998295675019286 0.69779400204278585473
119.55147750999999801 37.799395827107822754 -109.60589001517990937 2.670932151113249553 -0.011361083737248346692 -0.0088636921227838276482 -0.71485033186051460952 0.699129003673270355
119.95147751499999345 37.615202806457347151 -116.38158227133706646 2.8475566524900690624 -0.011505122170267830656 -0.0072428221966091450856 -0.71539083924144430959 0.69859224216984916467
120.35147752100000673 37.436577440151431517 -123.15586902964813021 3.0274864858385677202 -0.012341481916430056473 -0.007589454945808778337 -0.71504047743155452199 0.69893290352664494414
120.8014775280000066 37.408284897532801949 -130.78075439934747237 3.2132972755177613422 -0.012399962189711486588 -0.0089803801640034423837 -0.71288073184823852468 0.70111814686921614115
121.25147753500000647 37.284986035804600135 -138.40548369038327792 3.3802276396010180193 -0.011856599425039492102 -0.0073689264137380243447 -0.71243229780369343729 0.70160198190978084742
121.60147754000000475 37.261190335893651593 -144.33597064375771879 3.528464844159706626 -0.013634207763056193502 -0.0029652463311906087327 -0.70910206187475777195 0.70496778758879230509
122.05147754700000462 37.347552105887316998 -151.96183217104299956 3.7080697126320427692 -0.014933545338693395704 -0.0026049264290492800747 -0.70795996706471808757 0.70608985874011787054
122.4014775520000029 36.924668839514282581 -157.88918268657357658 3.7821684430065700688 -0.006807911366321981253 -0.01017763706626030433 -0.71137431665099282174 0.7027066597492219735
122.85147755900000277 36.603378970773107426 -165.50867424111007153 3.9454223712554945536 -0.0076598708019349880799 -0.012981538334523532938 -0.71495383836054970939 0.69900916664610635021
123.20147756400000105 36.51238528952756468 -171.43913474102458849 4.0576022263592728123 -0.0031956951993172941391 -0.013604058546889816889 -0.71487584763031686297 0.69911175043628182024
123.55147756899999933 36.426089152006653649 -176.52177085149511981 4.1801385826158661274 -0.0048906000053856677617 -0.010923971842515131647 -0.71485230702800728331 0.69917303152188792215
123.90147757399999762 36.216951936549463653 -182.44920943085932663 4.2882618324023278333 -0.0030094568044072718925 -0.013126104918281948294 -0.71650346179868573682 0.69745353807254861778
124.25147757999999953 36.207992091257153788 -188.38044881945231168 4.4360427523729857313 -0.0022229536587942983622 -0.013660726404558266867 -0.71598006444727713138 0.69798351724464324786
124.60147758499999782 36.01547188680201117 -194.30831664981536733 4.5688439141830086143 -0.0032345899003319985784 -0.012660606473444080411 -0.71693197920741436047 0.69702064794498064249
125.00147759099999689 35.810120004555045625 -201.08209068751028781 4.7438354888796743225 -0.0050481547043285729046 -0.011360388456374314117 -0.71782521446105174157 0.69611236103961449118
125.40147759699999597 35.926924307601041164 -207.86295071735989382 4.9242151980471273731 -0.01048291032907061604 -0.0048052190647062719212 -0.71407423432256877938 0.69997500408043855646
125.75147760199999425 35.712018857350763312 -213.79099015669862638 5.0339608261145398771 -0.0062728422031837951373 -0.0093269318658689339546 -0.71498306729970262374 0.69905140960259315452
126.10147760700000674 35.559594992391460266 -220.56693815380100432 5.2101060020565261865 -0.0061606365190844383437 -0.0092729506667717075813 -0.71431417097387139847 0.69973661051107094444
126.40147761199999366 35.515364296655732801 -225.64975866690085127 5.3487561090149062792 -0.0073403202760086256815 -0.0085748067115476844097 -0.71328401151110565337 0.70078421165914550617
126.70147761600000536 35.534357459386882283 -229.88649742089106098 5.4453763734000180108 -0.01065998102747882717 -0.0048787656552841405025 -0.71229274440967838 0.70178458853946290574
126.95147762000000569 35.262199517299755769 -234.96628316832138239 5.568386219777705648 -0.0081944931863154810148 -0.0071238984971461350587 -0.71430015273896640959 0.69975523731424194018
127.25147762400000317 35.074744939671553823 -240.04688183232923393 5.6744393152702574668 -0.0093733850602483424763 -0.0065367786444346332939 -0.71471085187210636747 0.69932668216915194748
127.70147763100000304 34.967644030514257736 -247.66696400142899392 5.9081291704911516049 -0.0097277506567170300006 -0.0061639037516094041455 -0.71333485272697783053 0.7007287385591394191
128.00147763499998632 34.814180814891507509 -251.76989012465483597 6.474159792198925345 -0.013702319654342735508 -0.011502355129145151735 -0.71291360715239615597 0.70102363084245022939
128.40147764100001382 34.676460704485343456 -258.06426915025258495 6.4601481935947555613 -0.01193628351157890316 -0.0096712854090710547589 -0.71330469374071236999 0.70068566794386211161
128.75147764700000153 34.443198455263271285 -264.05397258888251599 6.4081635581343014962 -0.0085866991049495591803 -0.0065143519157275708506 -0.7146956497703175204 0.6993525291417646006
129.05147765099999901 34.296239022334063407 -268.33712514532709292 6.4629379904481281116 -0.0055956799797521510412 -0.0085813590059784505826 -0.71525962145324550878 0.69878374520429054062
129.50147765799999888 33.984444607659177962 -274.45028177745501807 6.6355310549905750506 -0.0061098564344520224154 -0.008938161200831323816 -0.71768628601150630253 0.69628239515279188865
129.90147766399999796 33.599760472067011108 -278.91397614329542876 6.754231745281746413 -0.0058940423274179117377 -0.01094526026072462771 -0.72123615251905148771 0.69257770238608096225
130.25147766899999624 33.418562385973679341 -283.7867677169111289 6.7831667930443622083 -0.0035759369275353675675 -0.011213313542126965641 -0.72181035657784498039 0.6919908116524818853
130.65147767499999532 32.950876412780665703 -287.76271803574803698 7.7231503640162468827 -0.016227484011939973668 -0.024367115285865423302 -0.72303348312501936057 0.69019236067591338557
131.0014776799999936 33.142285832077121199 -291.25294630476344082 7.120363776385626231 -0.0048459755562495557268 -0.012811492171948416288 -0.72317044100621552527 0.69053377574461327626
131.35147768499999188 33.079091966134484437 -294.43608672670836768 7.0969474840493722567 -0.0032707316734891926126 -0.0096037961003276432759 -0.7220918779938724219 0.69172276899785933857
131.65147769000000721 32.941839609780096509 -297.41810435823623493 7.2301670314062000955 -0.0038590320632403973811 -0.011330455631272091585 -0.72389584815809093765 0.68980542884657036762
132.0014776950000055 32.936280973723683019 -299.81428767217937548 7.220458472735407085 -0.0017182028209413620357 -0.0097480138827003605384 -0.72296800368385705227 0.69081060331597932134
132.35147770000000378 32.8126718203083243 -302.44118043945968566 7.3157328551041187481 -0.0046875299508217600428 -0.0088798307463115976057 -0.72170886369294573459 0.69212389912205318776
132.65147770499999069 32.747318907571504099 -304.89067588448807555 7.3067985398358201721 0.0001512651884191901718 -0.0084190286259816886349 -0.72397346245070237636 0.68977642953567153139
133.00147770999998897 32.698810497274877207 -307.17972825114668467 7.3827454316768097442 -0.0062700543348722182282 -0.0071021273434774241998 -0.72027218919447988377 0.69362685911001609185
133.40147771599998805 32.739843818701025668 -309.05775239063535764 7.5755592774051017102 -0.0091338056779814817687 -0.0053106812278721242035 -0.71873704978813757194 0.69520171426757626509
133.70147772000001396 32.845441734362587738 -310.62133364080239062 7.2497459259624612571 0.0016628470505317982132 -0.0027859945863938201903 -0.72002011230644458184 0.69394561101578133844
134.10147772600001304 32.673250193366875749 -312.45513170630817967 7.3312346465301860832 -0.0013979296326684799 -0.0052334574630000883083 -0.72496940948348953526 0.68875976365412461266
134.45147773200000074 32.329528639306147397 -314.7306668051669476 7.6989171495673822676 -0.014266009115879147925 -0.0099500443245359917327 -0.74355720340348252506 0.66844608074895439653
134.85147773799999982 31.977487481979835593 -316.94090436776372144 7.6684513310950732645 0.0045139337276064797622 -0.02013417718310582874 -0.74266976157837250039 0.66933987222380919579
135.2014777429999981 32.238497182039935751 -318.92573707685420459 7.8183031193666749914 -0.029414598523877857894 0.018944591578109362673 -0.75806920409428601992 0.6512349542580420092
135.60147774899999717 31.868102211506776911 -320.8445011603850503 7.833183136546994163 -0.027650393642907954844 0.021658929679124569456 -0.79806039959858254829 0.60155294454361807333
135.95147775399999546 31.749732949261730397 -322.68768783884871709 6.9709305916147155102 -0.039782442645639418122 0.05009097842014420543 -0.85343875285263037789 0.51725288425237969658
136.25147775799999295 31.690909737972770444 -324.02175896441798386 6.7104147747833877702 0.020450467024033115726 -0.061230005106664042724 0.91607388517574239728 -0.39577935996228691407
136.55147776300000828 30.894991262750107097 -325.1840409858144767 7.9001656392596011358 -0.0051648501701872222974 -0.057064192498688631749 0.96941881728368084481 -0.23862975286728493884
136.95147776900000736 27.871833901204741579 -325.51023168574158717 12.190098364936860165 -0.018231596551896378511 -0.0026186171762703608877 0.99387528824563342589 -0.10896175083905382253
137.35147777500000643 25.040269631380283499 -325.42401612542448675 14.249315938018073169 -0.016095924214223837623 0.026834611249835257918 0.99882357030644253193 -0.037044571303378327765
137.75147778100000551 22.815720859835092682 -325.46087398348902298 14.399229698614066209 -0.012485388356962497797 0.033362125053144328635 0.99932857948594688846 -0.0085716924883090482579
138.0014777840000022 21.007528088970623514 -325.48763829994425123 14.278263811519872561 -0.0034624520232302185077 0.031929423896050516951 0.99946596051287939222 0.0060263663779063633349
138.30147778899998912 19.531511078543591253 -325.50046402824779079 14.140292236813973403 0.004446944900846164575 0.029314466229459192059 0.99946391298667636161 0.013884285652932138594
138.55147779300000366 17.795112183441961662 -325.45201070551297562 14.140166342275378497 0.009541636283776529226 0.028475820496860666103 0.9993826757712579445 0.018230529129445092323
138.85147779700000115 16.088185852412074439 -325.42508826400796806 14.070275328849529473 0.014687182848350752509 0.025034082496584821043 0.99928724127095180929 0.024136917918899849361
139.30147780400000102 13.846062638865831218 -325.34517438717188043 14.07758688857248508 0.016412470022342005166 0.020256258254849206918 0.99927774685682213551 0.027645966541822674517
139.6014778079999985 11.860324670460663299 -325.23558384307210645 14.150791249754972156 0.018839914006848295508 0.018589035651980521935 0.99913034031370173693 0.032219069793688118186
139.90147781300001384 10.466106634099238804 -325.16661803597156677 14.196361525421410832 0.02149897083294386585 0.015544585753451403351 0.99910699721789830718 0.032884163621911655095
140.15147781600001053 8.7795627359911208032 -325.0805266826322395 14.265807067781929973 0.0215240335019207564 0.011279638834536158745 0.9991435994482865679 0.033489601536782022395
140.50147782199999824 7.092713246376346703 -324.9694038866405208 14.329281285399355639 0.01816677227203100653 0.010825196303944533208 0.99913352576970138053 0.0358466343357725023
140.75147782499999494 5.4042355800627639439 -324.87171144548307211 14.409370720619538275 0.020852650235880315632 0.0048946609374169247966 0.99917710543092830289 0.034443014605562316532
141.15147783099999401 3.4342038392851104156 -324.73793348132716119 14.498080944218203925 0.019789332627076931803 0.0022190666517524801175 0.99924600424163856349 0.033329882455376255712
141.50147783700001014 1.4623315460666059806 -324.61138525678654787 14.58428378455065122 0.017781196602828980291 -0.00072880927031185836762 0.99930602512976407503 0.032722561387677998046
141.85147784200000842 -0.49756500922703922329 -324.48189313323581473 14.667604448728969402 0.017562164676521222623 -0.0022497437635862998877 0.99932101928831218451 0.032311134821329030864
142.10147784599999454 -2.1627018545673220018 -324.36477978534270505 14.731803354131766781 0.019189858188721920645 -0.0013799117519752504557 0.99928036331611469478 0.032689458194763459931
142.45147785099999282 -3.8195648221324662863 -324.26998231026942676 14.809135265741657506 0.018011045556322123617 -7.0441187266118900225e-07 0.99936396463645715826 0.030777726094916080246
142.75147785499999031 -5.7465385881927586453 -324.16030922033547768 14.895249478496298323 0.017066292301657876029 0.0021285810719304911268 0.99938709165765182707 0.030490192484710854082
143.1014778599999886 -7.6450821369609744949 -324.0243944189117542 14.938514206651923644 0.013589498168779082926 0.0078315286983861604614 0.99917161757635153396 0.037550916468501137346
143.40147786500000393 -9.2807756200069526642 -323.89232708175245534 15.008751768489068112 0.013532503436079330178 0.011915272293345298762 0.99899129358236138376 0.041125332625626474792
143.80147787100000301 -11.184256347591313485 -323.73601985425750627 15.110132053598867685 0.014557963362689722159 0.014826364980497282187 0.99885147455338774147 0.043173792822946456538
144.10147787500000049 -13.052999314681461129 -323.82747385026891607 15.222379458648710226 0.0050595895236593456737 -0.031693509224060716079 0.99568536119375306015 0.087066546568599134659
144.50147788099999957 -15.070851307360713989 -323.35226028937074716 15.300177538702961044 0.013615638759449334369 -0.035227338567518515222 0.9868159852597320203 0.15737808054009935765
144.80147788599998648 -16.381500438457582192 -322.82314758552104195 14.969629103209243226 0.0015686961528587851575 -0.033851767479106391334 0.97447884211059943027 0.22190669956021125131
145.0514778890000116 -17.59176567836696492 -322.05845625040603863 14.438791365725759164 -0.0035311551411292847052 -0.04411006441956712848 0.94414316199964265497 0.32655094979128040933
145.40147789499999931 -17.941234122466553913 -320.88595696494792264 13.927502193161455324 -0.030452303964510082923 -0.039828066052775550066 0.88109299980892086257 0.47027811774041294868
145.75147789999999759 -18.525294731414245319 -319.05128780616803397 15.285926841857564895 -0.029761473212987703957 -0.017345365599338944534 0.80526289494252389911 0.5919164324743854122
146.00147790400001213 -18.677015364012564902 -317.42073220658079435 18.478467727389336517 -0.015485017420179613551 0.020023856708177013158 0.75315929907020551237 0.6573509942352746549
146.40147791000001121 -19.165000895062185293 -315.26784134944699645 20.397450460750341961 0.012357742675783999625 0.03615316709025331865 0.71132493135582353094 0.70182410669407513382
146.75147791500000949 -19.479661561885816212 -313.0136917762213784 20.450734774679403927 0.02513735223797990484 0.035011697678815137391 0.6900363299603556877 0.72249024760404467749
147.10147792000000777 -19.551302346147640066 -311.06330481183374559 20.15080239449233801 0.030549670834484968229 0.031396110106553375141 0.68079116640524828252 0.7311664582204679963
147.45147792500000605 -19.60940641380523175 -309.10444380049619895 19.881453180778049017 0.032961652927601989282 0.021501323447249819781 0.67575463440839533824 0.73607533351001031008
147.85147793100000513 -19.526432026920552687 -306.86113712176035051 19.738967424069450374 0.02914394810301142863 0.010545548941359705539 0.672774610165476461 0.73919804220735441103
148.2514779370000042 -19.40091371708744461 -304.61109667054483907 19.751038482283600928 0.025186102799764860383 0.0044194681653870332427 0.67356923915057509422 0.73868166932516354795
148.70147794400000407 -19.253141908362614743 -302.07865520182917862 19.843364985192732064 0.022745162770613492481 -0.0068388445343074083863 0.67441042883357660287 0.73797456680869788492
149.10147795000000315 -19.10664367530117147 -300.10989474458608584 19.945371310743755799 0.021367434099485528576 -0.0095001282870710163087 0.67345453088428308686 0.7388586976912187021
149.40147795400000064 -18.933271909387411114 -298.14672915125021291 20.039865244949986334 0.022745308317681210003 -0.01089953189100622416 0.67044706842314816253 0.74152854267175505321
149.65147795799998676 -18.812865134451929094 -296.74372280593854612 20.139836743816140086 0.022447049777460009734 -0.011324077898576253437 0.67015227234529695099 0.74179769956941110642
150.00147796300001346 -18.608477100420035555 -294.78456993336067171 20.221902119242312068 0.020416015317847122784 -0.0089836606830359551357 0.66735208494800091206 0.74440827163246237053
150.30147796800000037 -18.473300095950158095 -293.38142620019419837 20.313515499468621783 0.020440459217391349078 -0.011607768555594222618 0.66814340429664809129 0.74366110469153079432
150.55147797099999707 -18.303747959055428396 -291.70043770182496701 20.415448410986805072 0.023423525298842777509 -0.010919732200318046575 0.66733755493582813667 0.74430684914457045931
150.9014779770000132 -18.119202686587442486 -289.73848157983019291 20.551985730564751975 0.022557707704621253464 -0.013346015587692787799 0.66992783525087373775 0.74196342851054586376
151.20147798100001069 -17.954924021926203181 -288.05901223619054008 20.665439522998699573 0.024893843774683888787 -0.015434026103241772765 0.66883494444360491737 0.74283369906829488372
151.5014779859999976 -17.801698562842005913 -286.66343234811864704 20.725207477127181477 0.020631654839647566024 -0.014644373902993923151 0.66755048831292740363 0.74413454609011320251
151.80147798999999509 -17.633042297956237121 -284.98291118453664694 20.83179014209906299 0.017445212438826986773 -0.01739503322786870726 0.66924624884141525882 0.74263216722254921098
152.15147799499999337 -17.395292504677630774 -283.03259022897083241 20.914428510925755944 0.023752757443583464442 -0.016157793316694365332 0.66324229992743599649 0.74785318332940597941
152.45147800000000871 -17.161585898027283292 -281.07813215721546385 21.036896695473437546 0.023804076065067247131 -0.015406674973995310163 0.66295113196968569191 0.74812552218798578085
152.80147800500000699 -16.923227479291156783 -279.12573026710066415 21.144570143623774072 0.02224987098159486934 -0.01600446710184750404 0.66094698648657412843 0.74993191779547874187
153.10147800900000448 -16.711054684659327307 -277.45276237218735105 21.238723403421364111 0.023249276713427888957 -0.015741658060416607867 0.66132210728905449493 0.74957637485754302631
153.45147801499999218 -16.51545074647897593 -275.77585374710611177 21.353367995206369301 0.020978574625951554311 -0.018058714968462983436 0.66113966690797965065 0.74975204105167780888
153.85147802099999126 -16.20166070963885474 -273.26639635523702054 21.508404178606227219 0.01973146372411272928 -0.020405642973131760814 0.66095428411007428604 0.74988913406629398306
154.20147802599998954 -15.945208886322445707 -271.31842670137592677 21.603409167387216172 0.02395285224739625643 -0.01859951021443218 0.66001348158018025014 0.75064140787822697387
154.50147802999998703 -15.721075592303241919 -269.64813985083407033 21.697715116745786901 0.024103869223667345051 -0.01870347023019328786 0.65820909257087745203 0.75221670690487774102
154.80147803500000236 -15.497688747035331502 -267.97852436240646057 21.78316277251286337 0.026273729157539300189 -0.014412484350879599393 0.65817684512064855706 0.75226671599773820009
155.10147803899999985 -15.316568438548396003 -266.58573364802128935 21.868009298506500215 0.025123318430973422266 -0.015758516092407352793 0.65764546185984629201 0.75274360477969559646
155.50147804499999893 -14.977522468230963781 -264.08009921549489718 22.006696040024262828 0.024567630412618030045 -0.017483867850690806151 0.65590399350344119611 0.75424180287698605607
155.80147805000001426 -14.740326064589611477 -262.41220097012751467 22.104205636718006645 0.023381938912483541532 -0.016778221242890398179 0.6565395005948984064 0.7537424363688294271
156.25147805599999629 -14.428805072894759221 -260.18846915966389588 22.223490871217212117 0.022233275023338230914 -0.019678743082607821901 0.65364143090691328997 0.75622173226798250489
156.70147806299999615 -14.047659726407667691 -257.69050265153896362 22.338692627998767648 0.019680343399551058353 -0.019332579730745737268 0.65234154615163841839 0.75742289548779806463
157.05147806799999444 -13.711408363648178721 -255.46912532985254529 22.458116257693390594 0.019093093054476813902 -0.019939524324454574455 0.65132739174476983468 0.75829446650380005757
157.40147807400001057 -13.406061220756669172 -253.52807840350138235 22.536938747863114685 0.019230436579151959087 -0.019554256515030014191 0.65142014003597337179 0.75822135456384531782
157.80147807899999179 -13.054896321913362911 -251.30917944291698518 22.644030498641150473 0.016501436134706590902 -0.021268078937578312887 0.6514819680503524113 0.7581863997257116683
158.15147808500000792 -12.751273727266175584 -249.36751524783147715 22.739203973901261691 0.017364459295859849264 -0.024265776212262928774 0.650953257666334828 0.75853114899242268798
158.551478091000007 -12.397927898018636483 -247.1501106767705096 22.820716750942814599 0.016303330316492198326 -0.021889239936739961212 0.65109122970637578476 0.75850858478663418794
158.95147809700000607 -12.08096755698900715 -245.21041562150793425 22.894084119179787251 0.018175094787727344436 -0.018806445592339088996 0.64880237435948107105 0.76050737179802485599
159.35147810300000515 -11.665234378096112522 -242.71507113463235328 23.009273817347910551 0.020966398932615048362 -0.014772688964311527296 0.64612529121024142587 0.76280029223581380382
159.70147810800000343 -11.34439539136342745 -240.77275822096581237 23.109220944272848897 0.017361729928772190457 -0.015122099560417497088 0.64687637898822281102 0.76224723203554545226
160.00147811200000092 -11.076314864325345511 -239.10631980033227251 23.206194816942559811 0.018230609788687880679 -0.015229451393952252516 0.64792578074388795795 0.76133297007577116489
160.3514781169999992 -10.822975128650757171 -237.43527736002835127 23.326066919886727646 0.018044325942635688204 -0.013610272719457602517 0.64915241708349613603 0.7603224987940530033
160.60147812100001374 -10.54407346878868168 -235.77150150891677072 23.386662048818855908 0.018196528439654472559 -0.01405052644052625678 0.6459567848493489306 0.76302771978911809736
161.00147812700001282 -10.163415158816039963 -233.55383260273430324 23.497252686400603494 0.020481795617817460942 -0.01223264854317393513 0.64370512800521362262 0.76490167115628704408
161.40147813300001189 -9.7974274005462689274 -231.33062772782363936 23.656902068463210753 0.017858668363237920063 -0.013483035578753941458 0.64709975724060653235 0.76207688581600607769
161.70147813799999881 -9.523424870317926505 -229.66537143452632108 23.763473837350833406 0.021257623978846312829 -0.01538092049203395803 0.644652409443140062 0.76402539990941775727
162.10147814399999788 -9.1862638822009667905 -227.72687718682971081 23.868038954107898775 0.021892119357945862002 -0.013058675586706655972 0.6424994000250594528 0.76586208097109564896
162.45147814899999617 -8.7936198096240794086 -225.5121247727006164 23.993656954446510809 0.019564294941740632827 -0.014795844444955496763 0.64165834313724279259 0.76659825986820617771
162.80147815399999445 -8.4423841784093305307 -223.57397406874096646 24.096355573330754396 0.014779557710820479324 -0.018457126228667575241 0.63944534714091116889 0.76847286691534621994
163.15147815899999273 -8.0879194574640109749 -221.63721030271693735 24.214368432885322591 0.017002980394870692571 -0.017846818174444247646 0.63997831460749465826 0.76799749125299254793
163.5514781649999918 -7.6692208407177862028 -219.43747817768596065 24.376851197944148453 0.022717447256046973542 -0.019909561037373988551 0.63795257529195870116 0.7694829683935997533
163.90147816999999009 -7.3530065926003951304 -217.86922883179536825 24.836909504821026218 0.037998301629868447282 -0.038397061162262248468 0.63565685623532097726 0.77007931792015782424
164.35147817699998996 -7.3079708251856470014 -217.38946295853082802 24.736626820995958553 0.0080901131695408790706 -0.0020339079618458878219 0.63747743010585344869 0.77042386995273159922
164.75147818299998903 -7.3004350990861155424 -217.38015124662044286 24.810561298384929074 0.011281315701266099102 -0.0070057670422665396445 0.63500881404727382851 0.77239074128738272051
165.15147818899998811 -7.2949288007655530564 -217.37429400626854203 24.851348553877009806 0.01350503375722031732 -0.012236380143001619053 0.63549238569363841744 0.77189203441259846006
165.45147819300001402 -7.2916131651692328575 -217.37178879858646496 24.857736390917860803 0.010493652902928146328 -0.01039681024257247538 0.63612665538690360556 0.77144323698623762375
165.90147820000001389 -7.2866543775569345698 -217.36775418789102332 24.86739448237963046 0.012421447781643215821 -0.013729529641053877381 0.63389296432091524203 0.77319914474557338568
166.30147820600001296 -7.2841720072899871496 -217.3656991219957888 24.873238038345881762 0.015337139826004280233 -0.015961773537527458589 0.63151187300869127128 0.7750501584907577568
166.60147821099999987 -7.2835412962599148656 -217.36458855146258884 24.875119321800422512 0.015831970654719286495 -0.015706763029969171563 0.63387389763173873636 0.77311482213281645937
167.00147821699999895 -7.2918320004310048787 -217.35856377619472823 24.857683850268422532 0.008727672366745724622 -0.006393053060806588167 0.6322663401974004671 0.77467556542142579357
167.35147822199999723 -7.2370083472607813491 -217.09265837472008798 24.857136277043132111 0.0072219038776351624637 -0.0053104706266403605558 0.63070385563806030671 0.77597183550009762865
167.80147822800000768 -7.0080860315227431201 -216.09540244051282798 24.90668351312637796 0.016137458988544069877 -0.010906762257183811107 0.62426593250819162328 0.78096905858307619219
168.25147823500000754 -6.63972268841320723 -214.5107161133637419 25.01128333939876569 0.020414404375145432657 -0.014264139034668901762 0.62388366146330143103 0.7811203258082280998
168.65147824100000662 -6.1923913172579396758 -212.6011147302064046 25.190812472677269085 0.026930944166003851353 -0.022684819903699516425 0.62334959122806776755 0.7811500562043538487
169.0014782460000049 -5.7654522683045721365 -210.73315001939428726 25.337754019970827102 0.027415981203256657023 -0.024611737329398659241 0.62312136236650250698 0.78125693220783976045
169.35147825199999261 -5.3370058558222321921 -208.89337372333346821 25.475118944348970729 0.025888109136175153913 -0.026037920657939962049 0.62120428851867204312 0.78278800732968234488
169.70147825699999089 -4.9084256342423451258 -207.06951752151965707 25.268723815807380362 0.034042424749316173294 -0.0088717399272256278892 0.63230261974734347508 0.77392234921114488877
170.00147826099998838 -4.6098477660626553387 -205.36463749660293843 25.644651826622599344 0.029530483762167571843 -0.018005493204943871788 0.6512773323577226714 0.75805117841754432462
170.30147826600000371 -4.4255976603835609495 -203.97318696723320386 25.867708315346575887 0.02414220064101257196 -0.022447330604800062176 0.6585663196736492031 0.75180028869935444646
170.55147826900000041 -4.2397232034604437345 -202.31357137708192795 25.894429886140873265 0.027540569093870606587 -0.019342045308054552771 0.67445935290427883047 0.73754456381782673713
170.90147827499998812 -4.154557405950487059 -200.67210278523447187 24.548963574926009557 0.055435239178845838182 0.01280847534146060257 0.71923156906452390125 0.6924368760237962217
171.2514782799999864 -4.4054922847874307124 -198.73539953533253311 24.716532910962428105 0.044188212961965012138 0.01393588359305738579 0.77977938089615961292 0.6243374969621086068
171.55147828400001231 -4.9386002759068468038 -197.13304142242449757 25.660573891127601343 0.028891172954770779485 0.0077977644192611592078 0.83413245761073862017 0.55075179360182635602
171.85147828899999922 -5.6033082905365736437 -195.8798946162310699 25.837810791675281052 0.018426993416127308845 0.0093866484526857855986 0.87351971810219730674 0.48634929714262520317
172.10147829300001376 -6.8233394827649309633 -194.35041105708751275 27.273001414007303822 0.0033188668207178805523 -0.0013033782393674711586 0.91745764433096255175 0.39781749230881285895
172.45147829800001205 -8.0893662325556281445 -193.2368450849638748 27.079844309695506155 -0.0035289001874803807915 0.0040043803130199858917 0.95208526635096213386 0.3057861301615766858
172.75147830200000953 -9.7698165454253178552 -192.25206022338178968 27.322386438267756148 -5.4254425964402740342e-05 0.0067347416434220160053 0.97549128108559968187 0.21993499229869972744
173.10147830700000782 -11.573950310785635409 -191.7427138980464747 29.871538067800443628 -0.00079960604624425702779 -0.018359051497876640452 0.98689162179932421459 0.16033475194282972853
173.45147831299999552 -13.418735217915912727 -191.27256544681017658 30.437705118273633786 0.0016849820419605886657 -0.028391175915485379611 0.9913410689193581371 0.12819511316535614487
173.75147831699999301 -15.037784433918714555 -190.8742643383136226 30.440040859410238738 0.0098046127367454882773 -0.029611197343012322231 0.99307264180168652867 0.11328625100167717676
174.05147832200000835 -16.662154269558769215 -190.49621822595295839 30.327789853076573934 0.014432612834106314445 -0.027222411249761300361 0.99392334844005514327 0.10567410959283402017
174.40147832700000663 -18.588076396166524518 -190.03580304031231663 30.112165171559581722 0.019885074099296642935 -0.017822728886006913157 0.99423581324464138653 0.10383680380716565905
174.75147833200000491 -20.505425672799802328 -189.59853094248140337 30.065330383682294269 0.022625473530165553931 -0.013765948072875434927 0.99423370518178633137 0.10391306992716199675
175.05147833699999182 -22.161632297751655329 -189.23707555218598486 30.07212904234198092 0.021462296520445546533 -0.013998952931956182635 0.99421895406235683001 0.10426922138402350271
175.30147833999998852 -23.535787955571414898 -188.91199235856464611 30.04980548591619538 0.024735169283711614524 -0.0073590888333603648314 0.99391656337428813117 0.10706951135731056224
175.60147834500000386 -24.905443940369362821 -188.61365138985175349 30.133348523966084542 0.026542337635295110837 -0.0081959498976670909498 0.99418460310956002779 0.10404472912173731713
175.95147835000000214 -27.097535812807265643 -188.13458175839366504 30.239311949175725402 0.025940456491269858752 -0.0059822610333852754491 0.99431978397055986729 0.10305082471621562767
176.40147835700000201 -29.295892798837698479 -187.65107768315061776 30.334117479570945619 0.02605362000572275516 -0.0047103375929943474068 0.99420902293239343805 0.1041510457180973015
176.80147836300000108 -31.769998108903191536 -187.13546633455266033 30.496507257402708291 0.02892186186329396072 -0.010157231470501938697 0.99444694630982877204 0.10067585375983482965
177.15147836799999936 -33.694675680770636461 -186.7372673593251875 30.627926671569962735 0.03190636151797189568 -0.0080448895484873609446 0.99459682397045290347 0.098460253883102547001
177.55147837399999844 -35.900255934398280999 -186.29465668654589194 30.759663538504582903 0.032455253129261549261 -0.0083393497443308393924 0.99478433483966310913 0.096339186978957935814
177.90147837899999672 -37.558812326347300825 -185.97719096052938426 30.857647119550353665 0.032209132111442245749 -0.0066435097757083531531 0.99494975064532342746 0.094833692732574706441
178.20147838299999421 -39.48821529557179133 -185.59767234401866176 30.98024701508267853 0.034255529535491976989 -0.0012232163004705710104 0.99492176112963948142 0.09463483327412783308
178.55147838900001034 -41.151573246457282096 -185.27444505428317711 31.064435269742524781 0.034459016698106949284 -0.0017491784703653108241 0.99470381693720200111 0.096818557691382256536
178.90147839400000862 -43.36087875010433379 -184.84366172925518867 31.198702126156018011 0.0335781071845961121 -0.0034121871677663673239 0.99481753895984348368 0.095911062315628042851
179.3014784000000077 -45.57084151582288456 -184.40505798933156711 31.337934212532935874 0.035404414046417635731 -0.00061240704522188714118 0.99442656829013231778 0.099307364794115907114
179.65147840500000598 -47.495342307171497964 -184.02245951519907408 31.482899020565977111 0.036642558156789108159 -0.0010678242031111481129 0.99435899495241153456 0.099530758263100996275
180.10147841200000585 -49.982178905854802053 -183.49854008532793159 31.606243737001854299 0.035292502808077642895 0.0014663133595953338831 0.99384436996482183879 0.10500313071475295135
180.50147841800000492 -52.182740853516115465 -183.03660553733726601 31.74672512201128427 0.035989114404284490434 0.0010285146217817906725 0.9937137341063287943 0.10600349263361416585
180.901478424000004 -54.388464652006305755 -182.54851033662208692 31.848361361835404892 0.034633769956433212156 0.0019870228286493524412 0.99324839698220368511 0.11069857998712660796
181.20147842800000149 -56.033488959583173994 -182.18133861086175784 31.956133674700168967 0.032293775104717349633 0.0042625237612116621128 0.99336108246250787168 0.11032997248973513971
181.55147843299999977 -57.9539660844983473 -181.77153061307811299 32.076567112183155928 0.032929367119203981074 0.0039336425161061745054 0.99329671923277917944 0.11073306100294413867
181.90147843899998747 -59.874589065856852699 -181.33356848024297392 32.178276071569371197 0.031463303149213403542 0.002745464599876525167 0.9931215800454354925 0.11274772825706602664
182.30147844499998655 -62.063005267157102196 -180.84535284268821442 32.342799469183439953 0.032634423850219869412 0.0010399285637034206067 0.99337622876709574804 0.11017069051707674421
182.70147845100001405 -63.981365700305133259 -180.42808587985163626 32.473302712894572153 0.032448308653898860765 -0.0025877440592030442716 0.99365948031888851055 0.10761620704420596373
183.00147845500001154 -65.629450100529624024 -180.05706079322786195 32.559447473359661274 0.030184291218955466851 -0.0053794846756896382706 0.99356773191982339366 0.10900977844180433085
183.35147846000000982 -67.546171334717229229 -179.61980659013985928 32.702562333258384797 0.032745927637074317973 -0.0092486261261106404025 0.99338195868463541327 0.10970164674171499486
183.65147846499999673 -69.472810349701461519 -179.17884700873651127 32.78856192709289985 0.03060121611325661295 -0.0112652059587404485 0.9931135494123393137 0.11252616887072100504
184.00147846999999501 -71.122708402464269284 -178.79118142241671308 32.85990329160525647 0.029550087267916910067 -0.0061629640426717592974 0.99300084666969623548 0.11418462562855731524
184.3014784739999925 -73.037613367685779053 -178.34471920801752276 32.985742463624049492 0.031064720117979040259 -0.0046086989980303385422 0.99310459721203436789 0.11294689926624798537
184.60147847900000784 -74.681530717394167596 -177.96967405555130881 33.072842493427238253 0.02756346582409388915 -0.0033787827997545762451 0.99336660417432787185 0.11158686701274657394
185.00147848500000691 -76.595097817370131565 -177.53314510793808267 33.211624688776815617 0.028724796272014730542 -0.0037861308953060579877 0.9935130760544751416 0.10996508082454886646
185.3014784890000044 -78.510690847941390302 -177.1004872223518305 33.33477531800027549 0.02759758172789041758 -0.0071339144246921823433 0.99364100476729744216 0.10892673864937477135
185.65147849400000268 -80.430719371509525217 -176.66877941639660321 33.45190984903143061 0.029735395110625194304 -0.0060562357490449754416 0.99361104709879821684 0.10870241657569873484
186.00147849999999039 -82.077072549188741846 -176.30790333157673899 33.545333592292038816 0.026908401611949385457 -0.0078572828927430792695 0.99389366458991712516 0.10672199640307986068
186.30147850399998788 -83.723697634897916942 -175.94649488662039971 33.631469136365069517 0.024801064659480363817 -0.0068908993390389104705 0.99406189203275319155 0.10572784640915687537
186.60147850900000321 -85.645648260709350552 -175.53762400504820107 33.753514933931761277 0.027266374627004492937 -0.010360259475112159819 0.99441954107798580242 0.10138533503695808247
186.9514785140000015 -87.570243833470811978 -175.13295956616005355 33.883230046271243907 0.029299783715330575407 -0.0074836919596441885474 0.99447297085159969132 0.10054365854931525404
187.35147852000000057 -89.772868141460435254 -174.68167504054446226 34.023257441509905163 0.031422122353047907128 -0.0054014104243981500217 0.99448853728796038354 0.099880049034381010453
187.75147852599999965 -91.977907951359895833 -174.238247209519443 34.145631032030316021 0.030267816163940673008 -0.0019282114273155739718 0.99457311471870502029 0.099521157469610918578
188.15147853199999872 -93.908527210122343831 -173.83408658703228866 34.237426334482968571 0.0296646071112833358 0.0013317117226502514504 0.99399495239876722863 0.1053198567915547279
188.501478536999997 -95.828753010081442198 -173.43008479168963731 34.347631494836477373 0.026702211947872873943 0.0015682365954150518771 0.99434605743708825987 0.10276405290951823313
188.90147854299999608 -98.022751380646425901 -172.95885949350602573 34.459101251483168937 0.022435876748147690063 0.00052041759045439643736 0.99427518144889137641 0.10446637810725316331
189.30147854899999516 -100.48709782400102597 -172.43354897040913443 34.63533950860156807 0.025050529712196636933 -0.0016327634691342802174 0.99458739146773011974 0.1008252239174709658
189.70147855499999423 -102.68428086822957823 -171.97897735784897577 34.772485932210265958 0.02571714275950751083 0.00076644361304581648357 0.9945833011192805051 0.10070798512109055411
190.1514785619999941 -104.87872353428683425 -171.54039043861470759 34.937235365840010104 0.027264714833407324712 -0.006112859224834415843 0.99490758976714899209 0.096840880318555838668
190.55147856700000375 -107.3597995309707045 -171.04229910346938937 35.086887997355169944 0.030016067826194321733 -0.0037674312139030067571 0.99474580126951139825 0.097804054062087836252
190.90147857299999146 -109.29717924970020704 -170.6502858386485002 35.180174097661485177 0.030906928877246817033 -0.0011247961391351482367 0.99442638309192277202 0.10079516452557953088
191.30147857899999053 -111.50018739580792726 -170.18991893654009573 35.319098740560548322 0.031296341736614961826 -0.00096602355542235013829 0.99402216975102108965 0.10459221689909561914
191.65147858399998881 -113.14596881437405784 -169.83443461416362652 35.428922644450558721 0.031704946015071323873 0.0026479287307272368797 0.99392982858886491648 0.10531514949392653535
192.05147858999998789 -115.61609728176935619 -169.31166850719412764 35.600545659283106659 0.031699630615394117084 0.00095058341033755545425 0.99400686921021885745 0.10461631695355527727
192.45147859599998696 -117.53868699026433831 -168.90188189581914457 35.723793545883296474 0.030995979908206419684 0.0004438683784619031872 0.99396884695292975209 0.10519022529425697821
192.85147860199998604 -120.00767481232135481 -168.37514557185517106 35.902341582222575767 0.032336094473740265021 0.0013910549306099591772 0.99407712064170838939 0.10374545858521183606
193.25147860800001354 -122.20579393277807867 -167.91056840301922648 36.035040617095305038 0.030048063843525943395 -0.0043484520386800383854 0.99406953298379097106 0.10442206863259545502
193.60147861300001182 -124.13202430315091362 -167.51149324051016265 36.139230764827829034 0.027768738560626140405 -0.0017030939859055131864 0.99425598448547225505 0.10334908777754776843
193.9514786180000101 -126.04725220260722551 -167.10982574530333977 36.310596655108390962 0.032083898856456731508 -0.001337884585419189809 0.99462070768766053241 0.098480867877483724282
194.30147862300000838 -127.70139015198830634 -166.77981397467146962 36.411625709069205925 0.032093207611675368673 0.0025464540761573365921 0.99456669504977990304 0.098998134803588780373
194.6014786279999953 -129.35170771497004694 -166.4578426715109174 36.553801137124359855 0.034835998907837263661 -0.0022936886314091657277 0.99482436943951801922 0.095423614172911855325
195.00147863399999437 -131.55821911857327677 -166.04868613684723755 36.71089460425127271 0.033733824246026569704 -0.0043069403369503161602 0.99536620654196261704 0.089942171648983798571
195.40147863999999345 -133.77306885681394988 -165.65371373383905507 36.844830943003458401 0.033953623268194538243 -0.0020739958602878786134 0.99549963887180070721 0.088449528061191565187
195.75147864499999173 -135.99203866760885262 -165.26454142322086227 36.98104155509243185 0.035391865711708006548 0.0016722847668881942341 0.99527342574186039581 0.09041806963856523216
196.1514786509999908 -137.92605514679752332 -164.91064362338875071 37.090798803919525994 0.033304902339906725106 0.0046630320671463571652 0.99517908293073076287 0.09212834802176569915
196.45147865499998829 -139.85145504718548182 -164.54609321440401004 37.242674624681619377 0.03374183969262880417 0.0040512023589199391838 0.99526250803628923958 0.091091251560836028478
196.85147866099998737 -142.05740602472616274 -164.14674062971792523 37.403676567822571997 0.033697669313223030385 0.0021915791054631429159 0.99540552387719272165 0.089596356503223548162
197.25147866699998644 -144.27221671607128428 -163.74624285001078761 37.539925984465469355 0.033766832473916506829 0.0036360624991458867505 0.99501870825707416923 0.093724864857755246783
197.55147867200000178 -145.93186110454203686 -163.42564530353533314 37.634908960269093825 0.036201095646208110435 0.0038488895407861136756 0.99441563608259031515 0.099056597144130315025
197.95147867800000085 -148.13528198229064969 -162.98099792014801324 37.774664036627292774 0.033896780222907395286 0.00017133374772110339791 0.99423443746701645196 0.10172935805318082669
198.30147868299999914 -150.07030487549982922 -162.59420817618016031 37.8602821351560479 0.030334065791716192939 -0.0012903723038797301065 0.9941970169052267714 0.10320111902789212699
198.65147868799999742 -151.98931466492351205 -162.18253379042226925 37.996424292653152577 0.030603342571303190911 -0.00029754403436981022996 0.99408975401263477423 0.1041580906992357336
199.05147869399999649 -154.18283154347724917 -161.72088884482971594 38.186025452037576144 0.036739783031347325593 0.0041881246918789661118 0.99398898076285324699 0.10304636857453597365
199.50147870099999636 -156.66720798740394116 -161.22061858626804565 38.322582931574373788 0.035107988895408961949 -0.0010486576991943286682 0.99412910457095926553 0.10234086611756132434
199.85147870599999465 -158.59268830660599292 -160.8129773206627533 38.433445367427289341 0.03285356307219431532 -0.0022122700507511525343 0.99371364902604675251 0.10699968688749869616
200.20147871099999293 -160.51975314977420339 -160.40454133883517329 38.527063701244053107 0.030373802216317850877 -0.0030765317692143787955 0.9937879187166940298 0.1070212114673471937
200.6514787179999928 -162.71214113334747253 -159.91853845818476998 38.681462715487370474 0.033551985701321548894 0.00071332879931373461072 0.99357894716993599982 0.10804920711510977716
201.00147872299999108 -164.63680921607496543 -159.49697809059941278 38.793004162987145378 0.033914908700936670372 0.0016610684560027361416 0.99328300810087921668 0.11061593753822260289
201.35147872799998936 -166.8203418300344083 -158.9961580324591921 38.942489374147200465 0.030763588122365587846 0.0031861859978824886783 0.99351993823984552368 0.10936901839423254779
201.70147873400000549 -168.45837364788491186 -158.62841740494616261 39.06130222137992547 0.028792707500910997426 0.0057687577184329964786 0.99384342976243444934 0.10683135563678826385
202.10147874000000456 -170.91815390059332458 -158.08175501746441682 39.226408138450167939 0.025869548787707620507 -0.0011624388011058678534 0.9939085040130909432 0.10712283058253027623
202.55147874599998659 -173.38342549846760221 -157.52273483144367106 39.36579015643090429 0.025142514861699705869 -0.00064015438053042366968 0.9934298079009398208 0.11164524585803230206
202.95147875200001408 -175.56852423214044734 -157.01219825767071825 39.505989044939745725 0.026746227253633961946 -0.0028702010727001585691 0.99336928941354951661 0.1117759192470326457
203.30147875700001237 -177.48848586929341309 -156.57264416771192828 39.596558982798896409 0.024898013084002225404 0.00032979480792222056005 0.99316145907170028106 0.11406268624938147027
203.70147876300001144 -179.39533559208484803 -156.11250518321969594 39.714908846880426552 0.02333167172584595106 0.00175690720838847644 0.99312776036463934481 0.1146725684924418398
204.00147876799999835 -181.30250212397541532 -155.64263053572975082 39.833861176631963019 0.023802028548301254474 0.0001847820554555159461 0.99290539751211126518 0.11650021838560596643
204.40147877399999743 -183.20720816824604071 -155.16708456764376933 39.954622089598295531 0.023982437338812199329 0.0023692949689059941525 0.99235408777993350249 0.12104789798710278992
204.70147877799999492 -185.10740254364895918 -154.67118100314894491 40.086565653185196823 0.027033274604115479361 0.0039781836015196359035 0.99164736475760839607 0.12605110110071029994
205.00147878300001025 -186.73362374916888484 -154.23360543420753288 40.191023750798258618 0.028282365641598777861 0.0040083048422091442989 0.99105617057346195864 0.13035224606531289893
205.35147878800000854 -188.62346310197580124 -153.70548335270976281 40.328723325721576032 0.031388518769000568753 0.0047693091350701792216 0.99059195992652038232 0.1331149259429503795
205.75147879400000761 -190.51627486134646006 -153.18250636328386349 40.438024072386063779 0.029507276898383633795 0.0061231696112648992952 0.99056648641662181642 0.13367820836689342512
206.10147879900000589 -192.40785295958548318 -152.65143611297153825 40.558716815842174697 0.030057673239684890021 0.0052505256170916449546 0.99015390048322493577 0.13661706195792866492
206.35147880299999201 -194.02563766984673066 -152.19005795781311008 40.665248956270943381 0.030676768738180277413 0.0011551080058734080561 0.99047730335575345784 0.13420995910286842578
206.75147880899999109 -196.18822996236326617 -151.58346521575717247 40.818377578763850977 0.031534751633935785564 0.00045206810202604876502 0.98998200878360809174 0.13762622336818366997
207.05147881299998858 -197.80663178633622579 -151.11427510863364887 40.926023373876432743 0.031929381638863343906 0.0029324531966486069162 0.98942933191796378356 0.14142670344309499209
207.35147881800000391 -199.42411178137817274 -150.63737562387169078 41.026436776193492051 0.031976571095971968728 0.0022452220197520249452 0.98914322589685577114 0.14341595636953360926
207.70147882300000219 -201.31240668254545767 -150.08135854601087544 41.139815813078755014 0.033156410896521694431 0.0018835450108723916698 0.98886628498032280721 0.14505369731195411065
208.00147882799998911 -202.92789188086237573 -149.5979994111295639 41.248150271732122008 0.03475542189090900097 0.00016006606775734554655 0.98868469004238457298 0.14592675801179488815
208.40147883299999876 -204.8088180830569911 -149.02784597164833258 41.364516581199005429 0.031207270031892785783 0.0010648141093177482946 0.98864105424350789963 0.14701645599168394751
208.75147883899998646 -206.68935404366598618 -148.45770894983118637 41.490148381014307688 0.030549872285676449996 -0.0036095738489837821822 0.98875041751406222978 0.14637721183888294241
209.05147884300001238 -208.57091716431054351 -147.88757002347256275 41.613509857713474105 0.030393787990755722489 -0.0034760071612740333323 0.98853256603769557032 0.14787664084877183424
209.40147884800001066 -210.45291313953615031 -147.31854853419599749 41.729395894633128705 0.029903097715096100401 -0.010112338688946826901 0.98874993388048226794 0.14620914336874915596
209.70147885299999757 -212.07674951741705627 -146.84217149924194246 41.806963429940360299 0.030911948527047782009 -0.0094541031272760006621 0.9882374414575996191 0.14947183906561506417
210.05147885799999585 -213.96313059646425359 -146.27230572170239498 41.900476155736370742 0.029947878125669631644 -0.0044167631097882832647 0.98748588156291239315 0.15477483811433909167
210.40147886299999413 -215.57050624067838385 -145.76095293362863003 42.008989346637164886 0.031269077180590187925 -0.0049868802327476622477 0.98731664711322397743 0.15557382225464569392
210.65147886700000868 -217.17117243111133007 -145.23851389267966283 42.135091975855047508 0.033710216073179116725 -0.0062234931666230591807 0.98747226760434536619 0.15402405713860678471
211.10147887400000855 -219.56963673423564387 -144.47953869595158949 42.304316179985079316 0.035548922468699339916 -0.0027462580126391684769 0.98755984231731386291 0.15314793508384216825
211.50147888000000762 -220.29563897416960572 -143.854560220772413 43.222302332059307162 0.073641779432390697124 -0.01465509093142454769 0.9852976830811885911 0.15346202248981447025
211.80147888400000511 -220.58831495310280957 -144.35456324916583526 42.330703705087444177 0.0086061012037888309778 -0.0038485848026333273689 0.98829329319173064849 0.15227439065493214576
212.10147888899999202 -220.57204144030060888 -144.31948844029309953 42.377493831386807699 0.013347401883843560896 -0.006245383396220875738 0.98766954265907480615 0.15585800124728660387
212.45147889399999031 -220.5574091668137271 -144.28923384270859742 42.405222112393730072 0.017378448808225355898 -0.0022594623807401410798 0.9875454042327370674 0.15635523312498961213
212.75147889799998779 -220.55254881838030201 -144.27970539601577116 42.411788893104748865 0.017557888837154370792 -0.0069362698984575723443 0.98774114026500359209 0.1549549887143622795
213.05147890300000313 -220.55003138929851048 -144.27558142825677123 42.41310194558433011 0.022512854798476148593 -0.0084496901816255437501 0.98775327949217517354 0.15415976439106995888
213.40147890800000141 -220.54653963787703219 -144.2698236483868186 42.414137927845125375 0.02889748096211980713 -0.0064817061067423097087 0.98710932316781929696 0.15728352486881599925
213.75147891299999969 -220.54839637526941942 -144.27459052943152074 42.412230072691990301 0.027376929215684416008 -0.0045704451628205272629 0.98745867876367088289 0.15541870065097843079
214.10147891799999798 -220.55005771087010658 -144.27978904016418937 42.408168507686319515 0.027435418277800847908 -0.0022290591952513179666 0.98792160920726013185 0.15249007567826750043
214.50147892399999705 -220.54729807160038035 -144.27256330388240713 42.41277141102411008 0.031856454095591860143 0.00021124057261015199267 0.98793213111544087024 0.1515758094802041045
214.90147892999999613 -220.54014885555221781 -144.25526552568504712 42.421367510448021676 0.02978546896429506638 0.0055747994028219876456 0.98801175011913178192 0.15137545731301915719
215.20147893500001146 -220.52695263508402945 -144.22474930309167007 42.440047221876753269 0.027375060828484457792 0.0026615944178000907304 0.9878989862045025605 0.15264047633543281757
215.55147894000000974 -220.5205930214119121 -144.21054180218692409 42.446220477612506272 0.025423112976104913358 -0.0003901425296114559879 0.98794336519369452265 0.15271352358310932851
215.90147894500000803 -220.51351326202328096 -144.19456837754202638 42.452601223760147775 0.026232534205030681729 0.0033585310042034519258 0.98788795097987802674 0.15289856352318556554
216.20147894999999494 -220.50602227227980734 -144.17722523498062515 42.460181616563374973 0.027700849032893430646 0.0022367881636415876644 0.98729732907586831292 0.15643415145429268032
216.60147895599999401 -220.498389076102427 -144.15906358921046149 42.467322220395949728 0.026910281795146043932 -0.00044414470036165836549 0.98694757899472107532 0.15877693719696811536
216.9014789599999915 -220.48743307795115243 -144.13421019036161397 42.472559830654489588 0.027061730937858706481 -0.0025031309375298546431 0.98688441676935700908 0.15912430672893010386
217.35147896699999137 -220.47463617651669665 -144.10463212529032262 42.486357767279308462 0.027085988191154326821 -0.001721600575526495815 0.98706652660447946612 0.15799701703556143229
217.65147897099998886 -220.47027778710813095 -144.09394046292601388 42.489218273039753626 0.024795630330349500287 -0.0032352000399521714871 0.98745744144611147242 0.15589262820903898588
217.9514789760000042 -220.46704283627428822 -144.08788171493551999 42.490463288873250747 0.030354189789192038279 -0.0028592706277608213178 0.98693016850824921704 0.15823808082126786245
218.30147898100000248 -220.46667211680477294 -144.08679146013241734 42.493083166847007703 0.031038926106155811241 -0.0027469281811769719059 0.98741519674539179885 0.15504924600914091193
218.65147898600000076 -220.46759913100171957 -144.08918941093989474 42.493767339343385459 0.029794309883209517398 -0.0043239066632588590497 0.98719887362853642188 0.15662690329665510114
218.95147899099998767 -220.46465202020820584 -144.08294386834489842 42.495636783231176992 0.026476035712003836292 -0.0014155138609256480171 0.98731407668925819099 0.15655008727152910919
219.25147899500001358 -220.46108503738602735 -144.07414920563479654 42.497493489178943094 0.027853954599794499003 -0.0027309704101547431672 0.98728970176097963218 0.15644725568218531553
219.5514790000000005 -220.45763003323577323 -144.06640283524669144 42.497148555591003571 0.025676125025164305699 0.0013224549511423734464 0.98682110097276132255 0.15975951424407097701
219.85147900399999799 -220.45190686041391359 -144.05241861232363476 42.501216875840960085 0.024314240049890245565 -0.00062897807898881048175 0.98662515020788821296 0.16118075286657077005
220.20147900899999627 -220.44791941056425344 -144.0434487365227767 42.502179415530612516 0.027023207987654621759 -0.00017003133743018276599 0.98681012354962505118 0.15961045510671945102
220.5014790140000116 -220.44319009939744092 -144.03193318712521886 42.509691367255939554 0.028628175897717881432 -0.00027873863158152546856 0.98689247203552565857 0.15881938952518961927
220.85147901900000988 -220.43429797253526203 -144.0108813546623594 42.51956243949178571 0.024525123320413365346 -0.00012418279562401602235 0.98664136561061099862 0.16105067081754265157
221.101479022999996 -220.42993561931172053 -144.00156278429327017 42.518725454700927457 0.027519994330409455752 -0.00021433234006659331408 0.98604447693859031965 0.16419163642708556328
221.50147902899999508 -220.42616927995268838 -143.99300642528220351 42.519768336133260789 0.027616077059498086305 -0.0011986345411968482577 0.98525064788738891952 0.1688699985212325505
221.90147903499999416 -220.42095995165195177 -143.98063803236360059 42.523376188020584721 0.026416589487505717088 -0.0024741388266577577296 0.98551846676362131472 0.16747953339078769375
222.25147903999999244 -220.41626629636940038 -143.97005526514740836 42.52510032540527618 0.026305586814083077585 -0.0014992352324895816436 0.9853241379949267964 0.16864789201362298532
222.55147904399998993 -220.4061483634408205 -143.94716738910102549 42.531836756672866784 0.025411168597541125558 -0.00029292904209083828844 0.98535182675685828446 0.16862966586578406747
222.85147904900000526 -220.39683533505916557 -143.92664098687367868 42.537040597415014531 0.025765605891935543237 -7.4143941561627627209e-05 0.98541802062821237662 0.16818874123101479334
223.15147905300000275 -220.3961841692317023 -143.9255212614596644 42.53590500129175922 0.028348550786693189896 -0.00075311732853109456063 0.98538624024707210936 0.16795758397382187788
223.45147905799998966 -220.39215472820424679 -143.91642016862545006 42.541248961626763503 0.029555890167496139814 -0.0016503016406116725011 0.98549322766734748225 0.16711320738557841614
223.80147906299998795 -220.38807004952619195 -143.90846943075712261 42.543679265171491011 0.029637702240186671043 -0.0001660592239552466853 0.98485927260980887787 0.17080337287282873482
224.20147906899998702 -220.38665640919330713 -143.9042007755965642 42.544549074456035953 0.029381730119706978704 0.0021662802684837569565 0.98389067291143705862 0.17632686954304616078
224.6014790749999861 -220.3783629291312991 -143.88350448274786686 42.554308941012507717 0.030571241857251886531 0.00074760853972768786472 0.98485792862713272822 0.1706449550178680552
224.9514790800000128 -220.36840143815214788 -143.86057383632342521 42.563563440768980684 0.028395646880441625937 0.00010043649017884271842 0.98481645445133736416 0.1712607024178331161
225.20147908399999892 -220.36173003194255671 -143.84522856066723762 42.5691184114245047 0.025903687485311042982 -0.0017282967723073808502 0.98525149426745894932 0.16913162036907697372
225.65147909099999879 -220.35634089683463799 -143.83117750897901033 42.573921325232348067 0.026110533631428081702 -0.0046841123061353668808 0.98499803119070905577 0.17051445004987783594
226.00147909599999707 -220.35301385769815852 -143.82490459612566269 42.572443330864359723 0.026394210455558175799 -0.0033523295625544871808 0.9845671921802482407 0.17297269039716628436
226.40147910199999615 -220.34911462914266167 -143.81660749601579141 42.571472936585102786 0.025063304172659960772 -0.0026865245726116859619 0.98462445897090955516 0.17285626446823684765
226.75147910699999443 -220.34639739450608431 -143.81087717501284828 42.570715587241089395 0.026787936546252926612 -0.0051494190593090226685 0.98444611724100217209 0.17355613555291088401
227.10147911199999271 -220.34909699478845369 -143.81779539781700805 42.567230816918176117 0.026881349146062438749 -0.0044622574543009231249 0.98409233448759869667 0.17555557105727839784
227.50147911799999179 -220.348480514577858 -143.81664331001746859 42.56636170310127909 0.028195962045330810047 -0.0058744519700871132215 0.98389654659633529743 0.17640312960430917788
227.90147912399999086 -220.35559391126230366 -143.83332299671801024 42.562648624001745645 0.030759771583777909681 -0.0069230579368716790162 0.98458619058976393212 0.17203470876789325739
228.25147912899998914 -220.36069406159057849 -143.84549500441090686 42.560460910185142325 0.03340224773561088073 -0.0070681593793395858585 0.98399512548108769572 0.1748940364868272479
228.65147913499998822 -220.36678328837982122 -143.86006117405432292 42.556650669299507683 0.032279815077728576944 -0.0074952973266538451894 0.98338017436799562976 0.17850844998627726778
229.05147914099998729 -220.37170308333645607 -143.87218534015821092 42.553648229033626649 0.031108256154228308005 -0.0052451171974944935106 0.984135805891760862 0.17458946333155980768
229.50147914799998716 -220.37733254592652088 -143.88587929087751149 42.550424617836590357 0.028589314320858472823 -0.0054679551142129993388 0.98444461646896475049 0.17326727815373879626
229.85147915300001387 -220.37822761179606346 -143.88816889323589976 42.548665700622954944 0.027169620701682172664 -0.0046319680965031381423 0.98409863748685599827 0.17547144576538228899
230.20147915800001215 -220.37359610971947177 -143.87833925999248663 42.550918530465139611 0.027267309755507063151 0.00011895794119160461291 0.98406696048057995529 0.17569489735965057586
230.60147916400001122 -220.36677056759529592 -143.86137233580853945 42.559933451307998098 0.030031054074329988079 -0.0018571991271987466771 0.98411261468946031883 0.17497727912977861786
231.10147917200001189 -220.35947590401346474 -143.84459075818799079 42.565099833084175884 0.029621398499981823477 -0.001413433307737484981 0.98368660162631282873 0.17742954866105453693
231.55147917799999391 -220.35221803933413298 -143.82725885709848512 42.573072152083007325 0.028027229164885834878 -0.0013227955158487565961 0.98307337302988562211 0.18105100904718909871
231.85147918300000924 -220.3457720114508902 -143.8123257501564467 42.577257428314553067 0.025848571098070080576 -0.0025517949677138712997 0.98278949613371113792 0.18289381073146468437
232.30147919000000911 -220.33659544599890978 -143.79157817536079733 42.581830405845821019 0.026563697398810984934 -0.0016171018209721031451 0.98249630136962995408 0.18437129049068992637
232.65147919500000739 -220.32951126284777388 -143.77455441779090961 42.584152976618618425 0.025445236915588840404 -0.0025917700930778216767 0.98225100673327503387 0.1858192197205717211
233.00147920000000568 -220.33342676187194797 -143.78364174143541732 42.579222602225975436 0.028879060803920275635 -0.00965972365662351104 0.98221236467706718454 0.18528777688084335784
233.30147920499999259 -220.33960333205308757 -143.79855933639399268 42.574467495339121115 0.030732556170846511701 -0.007171208154975810059 0.98173254172578194865 0.18763075515874144683
233.70147921000000224 -220.34799588925767466 -143.81939524826742627 42.559496162786189188 0.032812401758499504245 -0.0066160206034916145545 0.98200725264510324575 0.1858529803759665644
234.00147921499998915 -220.35330997817652587 -143.83196253765564165 42.554538362485864411 0.034158147786376692745 -0.0058022447768814947033 0.98247289027420392493 0.18315724056560026001
234.30147921899998664 -220.36154444192467849 -143.85073346206056044 42.547343785030683705 0.034376615203103109975 -0.011746443304742195529 0.98266347336022574765 0.18180420105289885058
234.70147922500001414 -220.3822529557262726 -143.89803514986652999 42.521855654796191004 0.037610026524715504948 -0.0095773042084457034318 0.9819950139409809875 0.18487713147915732503
235.05147923100000185 -220.39285110328265205 -143.92368846590034082 42.517508575584876951 0.034051259733119794426 -0.01226488643048846694 0.98147661206819725166 0.1881322519786765568
