1648858964.9607393742 0 0 0 1.6908447637850806439e-307 1.181903837981429983e-319 2.4209216646221080665e-322
1648858964.9807779789 0 0 0 1.6908447637850806439e-307 1.181903837981429983e-319 2.4209216646221080665e-322
1648858965.000818491 0 0 0 1.6908447637850806439e-307 1.181903837981429983e-319 2.4209216646221080665e-322
1648858965.02085495 0 0 0 1.6908447637850806439e-307 1.181903837981429983e-319 2.4209216646221080665e-322
1648858965.0408937931 0 0 0 1.6908447637850806439e-307 1.181903837981429983e-319 2.4209216646221080665e-322
1648858965.050909996 -8.9381471656390301514e-08 1.9586791814566335948e-05 0 3.4090529563046011548e-322 4.6760467150869174986e-310 4.6760467082664400709e-310
1648858965.0709488392 -8.9381471656390301514e-08 1.9586791814566335948e-05 0 3.4090529563046011548e-322 4.6760467150869174986e-310 4.6760467082664400709e-310
1648858965.0909831524 -8.9381471656390301514e-08 1.9586791814566335948e-05 0 3.4090529563046011548e-322 4.6760467150869174986e-310 4.6760467082664400709e-310
1648858965.1110198498 -8.9381471656390301514e-08 1.9586791814566335948e-05 0 3.4090529563046011548e-322 4.6760467150869174986e-310 4.6760467082664400709e-310
1648858965.1310584545 -8.9381471656390301514e-08 1.9586791814566335948e-05 0 3.4090529563046011548e-322 4.6760467150869174986e-310 4.6760467082664400709e-310
1648858965.1645219326 -8.9381471656390301514e-08 1.9586791814566335948e-05 0 3.4090529563046011548e-322 4.6760467150869174986e-310 4.6760467082664400709e-310
1648858965.1611130238 -1.3306151194288108472e-05 0.00021649520283054343749 0 3.4090529563046011548e-322 4.6760467162695130285e-310 4.6760467082664400709e-310
1648858965.1811466217 -1.3306151194288108472e-05 0.00021649520283054343749 0 3.4090529563046011548e-322 4.6760467162695130285e-310 4.6760467082664400709e-310
1648858965.201182127 -1.3306151194288108472e-05 0.00021649520283054343749 0 3.4090529563046011548e-322 4.6760467162695130285e-310 4.6760467082664400709e-310
1648858965.2212264538 -1.3306151194288108472e-05 0.00021649520283054343749 0 3.4090529563046011548e-322 4.6760467162695130285e-310 4.6760467082664400709e-310
1648858965.2412605286 -1.3306151194288108472e-05 0.00021649520283054343749 0 3.4090529563046011548e-322 4.6760467162695130285e-310 4.6760467082664400709e-310
1648858965.2512803078 -7.2721012090721677264e-05 0.00045969162004122937929 0 1.6908447637854847896e-307 3.9413313665760802921e+180 3.2114266979681025371e-322
1648858965.2713143826 -7.2721012090721677264e-05 0.00045969162004122937929 0 1.6908447637854847896e-307 3.9413313665760802921e+180 3.2114266979681025371e-322
1648858965.2913501263 -7.2721012090721677264e-05 0.00045969162004122937929 0 1.6908447637854847896e-307 3.9413313665760802921e+180 3.2114266979681025371e-322
1648858965.3113873005 -7.2721012090721677264e-05 0.00045969162004122937929 0 1.6908447637854847896e-307 3.9413313665760802921e+180 3.2114266979681025371e-322
1648858965.3314208984 -7.2721012090721677264e-05 0.00045969162004122937929 0 1.6908447637854847896e-307 3.9413313665760802921e+180 3.2114266979681025371e-322
1648858965.3622457981 -7.2721012090721677264e-05 0.00045969162004122937929 0 1.6908447637854847896e-307 3.9413313665760802921e+180 3.2114266979681025371e-322
1648858965.3614747524 -0.00022759474199365999861 0.0006988535419458541181 0 3.4090529563046011548e-322 4.6760467164544912063e-310 4.6760467082664400709e-310
1648858965.3815107346 -0.00022759474199365999861 0.0006988535419458541181 0 3.4090529563046011548e-322 4.6760467164544912063e-310 4.6760467082664400709e-310
1648858965.4015481472 -0.00022759474199365999861 0.0006988535419458541181 0 3.4090529563046011548e-322 4.6760467164544912063e-310 4.6760467082664400709e-310
1648858965.4215815067 -0.00022759474199365999861 0.0006988535419458541181 0 3.4090529563046011548e-322 4.6760467164544912063e-310 4.6760467082664400709e-310
1648858965.4621841908 -0.00022759474199365999861 0.0006988535419458541181 0 3.4090529563046011548e-322 4.6760467164544912063e-310 4.6760467082664400709e-310
1648858965.4516406059 -0.00051086306439147551386 0.00091785305790633374932 0 3.4090529563046011548e-322 4.6760467164544912063e-310 4.6760467082664400709e-310
1648858965.471675396 -0.00051086306439147551386 0.00091785305790633374932 0 3.4090529563046011548e-322 4.6760467164544912063e-310 4.6760467082664400709e-310
1648858965.4917123318 -0.00051086306439147551386 0.00091785305790633374932 0 3.4090529563046011548e-322 4.6760467164544912063e-310 4.6760467082664400709e-310
1648858965.5117454529 -0.00051086306439147551386 0.00091785305790633374932 0 3.4090529563046011548e-322 4.6760467164544912063e-310 4.6760467082664400709e-310
1648858965.5317809582 -0.00051086306439147551386 0.00091785305790633374932 0 3.4090529563046011548e-322 4.6760467164544912063e-310 4.6760467082664400709e-310
1648858965.5605223179 -0.00051086306439147551386 0.00091785305790633374932 0 3.4090529563046011548e-322 4.6760467164544912063e-310 4.6760467082664400709e-310
1648858965.5598392487 -0.0011381478637434996274 0.0011746059739309231123 0 0 0 3.4090529563046011548e-322
1648858965.5798799992 -0.0011381478637434996274 0.0011746059739309231123 0 0 0 3.4090529563046011548e-322
1648858965.5999162197 -0.0011381478637434996274 0.0011746059739309231123 0 0 0 3.4090529563046011548e-322
1648858965.6199553013 -0.0011381478637434996274 0.0011746059739309231123 0 0 0 3.4090529563046011548e-322
1648858965.639995575 -0.0011381478637434996274 0.0011746059739309231123 0 0 0 3.4090529563046011548e-322
1648858965.6711890697 -0.0011381478637434996274 0.0011746059739309231123 0 0 0 3.4090529563046011548e-322
1648858965.6700596809 -0.0022628343744197296217 0.0012516448399280514798 0 3.6842146116894639418e+180 5.0735704026940250625e-310 4.0019317313140970078e-322
1648858965.6900963783 -0.0022628343744197296217 0.0012516448399280514798 0 3.6842146116894639418e+180 5.0735704026940250625e-310 4.0019317313140970078e-322
1648858965.7101345062 -0.0022628343744197296217 0.0012516448399280514798 0 3.6842146116894639418e+180 5.0735704026940250625e-310 4.0019317313140970078e-322
1648858965.7301752567 -0.0022628343744197296217 0.0012516448399280514798 0 3.6842146116894639418e+180 5.0735704026940250625e-310 4.0019317313140970078e-322
1648858965.7502110004 -0.0022628343744197296217 0.0012516448399280514798 0 3.6842146116894639418e+180 5.0735704026940250625e-310 4.0019317313140970078e-322
1648858965.7602319717 -0.0038892365433556346996 0.0017204236775254420043 0 1.6908447637850806439e-307 3.1620201333839778827e-322 2.4209216646221080665e-322
1648858965.780267477 -0.0038892365433556346996 0.0017204236775254420043 0 1.6908447637850806439e-307 3.1620201333839778827e-322 2.4209216646221080665e-322
1648858965.8003053665 -0.0038892365433556346996 0.0017204236775254420043 0 1.6908447637850806439e-307 3.1620201333839778827e-322 2.4209216646221080665e-322
1648858965.8203451633 -0.0038892365433556346996 0.0017204236775254420043 0 1.6908447637850806439e-307 3.1620201333839778827e-322 2.4209216646221080665e-322
1648858965.8403806686 -0.0038892365433556346996 0.0017204236775254420043 0 1.6908447637850806439e-307 3.1620201333839778827e-322 2.4209216646221080665e-322
1648858965.8504016399 -0.0059289899973879421624 0.00090399833553329270609 0 3.4090529563046011548e-322 4.6760467162695130285e-310 4.6760467082664400709e-310
1648858965.8704435825 -0.0059289899973879421624 0.00090399833553329270609 0 3.4090529563046011548e-322 4.6760467162695130285e-310 4.6760467082664400709e-310
1648858965.8924834728 -0.0059289899973879421624 0.00090399833553329270609 0 3.4090529563046011548e-322 4.6760467162695130285e-310 4.6760467082664400709e-310
1648858965.9125189781 -0.0059289899973879421624 0.00090399833553329270609 0 3.4090529563046011548e-322 4.6760467162695130285e-310 4.6760467082664400709e-310
1648858965.9325568676 -0.0059289899973879421624 0.00090399833553329270609 0 3.4090529563046011548e-322 4.6760467162695130285e-310 4.6760467082664400709e-310
1648858965.9682071209 -0.0059289899973879421624 0.00090399833553329270609 0 3.4090529563046011548e-322 4.6760467162695130285e-310 4.6760467082664400709e-310
1648858965.9626133442 -0.0088302579595937562285 0.001672010178577902715 0 3.6842146116894639418e+180 5.0735704026940250625e-310 1.7440517298196003009e-321
1648858965.9826519489 -0.0088302579595937562285 0.001672010178577902715 0 3.6842146116894639418e+180 5.0735704026940250625e-310 1.7440517298196003009e-321
1648858966.0026865005 -0.0088302579595937562285 0.001672010178577902715 0 3.6842146116894639418e+180 5.0735704026940250625e-310 1.7440517298196003009e-321
1648858966.0227234364 -0.0088302579595937562285 0.001672010178577902715 0 3.6842146116894639418e+180 5.0735704026940250625e-310 1.7440517298196003009e-321
1648858966.0427627563 -0.0088302579595937562285 0.001672010178577902715 0 3.6842146116894639418e+180 5.0735704026940250625e-310 1.7440517298196003009e-321
1648858966.0527789593 -0.012876010812256755145 0.0039816393301333741217 0 3.2114266979681025371e-322 4.676046716470301307e-310 4.6760467082664400709e-310
1648858966.0728240013 -0.012876010812256755145 0.0039816393301333741217 0 3.2114266979681025371e-322 4.676046716470301307e-310 4.6760467082664400709e-310
1648858966.0928587914 -0.012876010812256755145 0.0039816393301333741217 0 3.2114266979681025371e-322 4.676046716470301307e-310 4.6760467082664400709e-310
1648858966.1128954887 -0.012876010812256755145 0.0039816393301333741217 0 3.2114266979681025371e-322 4.676046716470301307e-310 4.6760467082664400709e-310
1648858966.1329338551 -0.012876010812256755145 0.0039816393301333741217 0 3.2114266979681025371e-322 4.676046716470301307e-310 4.6760467082664400709e-310
1648858966.1653795242 -0.012876010812256755145 0.0039816393301333741217 0 3.2114266979681025371e-322 4.676046716470301307e-310 4.6760467082664400709e-310
1648858966.1629889011 -0.018315240247853172006 0.0027649288880321181566 0 3.2114266979681025371e-322 4.676046716470301307e-310 4.6760467082664400709e-310
1648858966.1830236912 -0.018315240247853172006 0.0027649288880321181566 0 3.2114266979681025371e-322 4.676046716470301307e-310 4.6760467082664400709e-310
1648858966.2030599117 -0.018315240247853172006 0.0027649288880321181566 0 3.2114266979681025371e-322 4.676046716470301307e-310 4.6760467082664400709e-310
1648858966.2230985165 -0.018315240247853172006 0.0027649288880321181566 0 3.2114266979681025371e-322 4.676046716470301307e-310 4.6760467082664400709e-310
1648858966.2431330681 -0.018315240247853172006 0.0027649288880321181566 0 3.2114266979681025371e-322 4.676046716470301307e-310 4.6760467082664400709e-310
1648858966.2531533241 -0.024249060889673934582 0.0043247539121266751622 0 3.2114266979681025371e-322 4.676046716470301307e-310 4.6760467082664400709e-310
1648858966.2731873989 -0.024249060889673934582 0.0043247539121266751622 0 3.2114266979681025371e-322 4.676046716470301307e-310 4.6760467082664400709e-310
1648858966.2932291031 -0.024249060889673934582 0.0043247539121266751622 0 3.2114266979681025371e-322 4.676046716470301307e-310 4.6760467082664400709e-310
1648858966.3132667542 -0.024249060889673934582 0.0043247539121266751622 0 3.2114266979681025371e-322 4.676046716470301307e-310 4.6760467082664400709e-310
1648858966.3333001137 -0.024249060889673934582 0.0043247539121266751622 0 3.2114266979681025371e-322 4.676046716470301307e-310 4.6760467082664400709e-310
1648858966.363212347 -0.024249060889673934582 0.0043247539121266751622 0 3.2114266979681025371e-322 4.676046716470301307e-310 4.6760467082664400709e-310
1648858966.3633539677 -0.032084971546848792268 0.0051016591337744087928 0 3.4090529563046011548e-322 4.676046716470301307e-310 4.6760467082664400709e-310
1648858966.3833897114 -0.032084971546848792268 0.0051016591337744087928 0 3.4090529563046011548e-322 4.676046716470301307e-310 4.6760467082664400709e-310
1648858966.4034273624 -0.032084971546848792268 0.0051016591337744087928 0 3.4090529563046011548e-322 4.676046716470301307e-310 4.6760467082664400709e-310
1648858966.423460722 -0.032084971546848792268 0.0051016591337744087928 0 3.4090529563046011548e-322 4.676046716470301307e-310 4.6760467082664400709e-310
1648858966.4434962273 -0.032084971546848792268 0.0051016591337744087928 0 3.4090529563046011548e-322 4.676046716470301307e-310 4.6760467082664400709e-310
1648858966.4535140991 -0.040584188832364413713 0.0051663138137067032146 0 3.4090529563046011548e-322 4.676046716470301307e-310 4.6760467082664400709e-310
1648858966.4735496044 -0.040584188832364413713 0.0051663138137067032146 0 3.4090529563046011548e-322 4.676046716470301307e-310 4.6760467082664400709e-310
1648858966.4935870171 -0.040584188832364413713 0.0051663138137067032146 0 3.4090529563046011548e-322 4.676046716470301307e-310 4.6760467082664400709e-310
1648858966.5136260986 -0.040584188832364413713 0.0051663138137067032146 0 3.4090529563046011548e-322 4.676046716470301307e-310 4.6760467082664400709e-310
1648858966.5336608887 -0.040584188832364413713 0.0051663138137067032146 0 3.4090529563046011548e-322 4.676046716470301307e-310 4.6760467082664400709e-310
1648858966.5622167587 -0.040584188832364413713 0.0051663138137067032146 0 3.4090529563046011548e-322 4.676046716470301307e-310 4.6760467082664400709e-310
1648858966.561719656 -0.050087172819678116298 0.0062095933614540682957 0 3.4090529563046011548e-322 4.6760467195809386132e-310 4.6760467082664400709e-310
1648858966.5817604065 -0.050087172819678116298 0.0062095933614540682957 0 3.4090529563046011548e-322 4.6760467195809386132e-310 4.6760467082664400709e-310
1648858966.6017973423 -0.050087172819678116298 0.0062095933614540682957 0 3.4090529563046011548e-322 4.6760467195809386132e-310 4.6760467082664400709e-310
1648858966.6218366623 -0.050087172819678116298 0.0062095933614540682957 0 3.4090529563046011548e-322 4.6760467195809386132e-310 4.6760467082664400709e-310
1648858966.6611466408 -0.050087172819678116298 0.0062095933614540682957 0 3.4090529563046011548e-322 4.6760467195809386132e-310 4.6760467082664400709e-310
1648858966.6518945694 -0.060316300732891021952 0.0068139277315819035685 0 3.4090529563046011548e-322 4.6760467195809386132e-310 4.6760467082664400709e-310
1648858966.6719355583 -0.060316300732891021952 0.0068139277315819035685 0 3.4090529563046011548e-322 4.6760467195809386132e-310 4.6760467082664400709e-310
1648858966.6919720173 -0.060316300732891021952 0.0068139277315819035685 0 3.4090529563046011548e-322 4.6760467195809386132e-310 4.6760467082664400709e-310
1648858966.7120103836 -0.060316300732891021952 0.0068139277315819035685 0 3.4090529563046011548e-322 4.6760467195809386132e-310 4.6760467082664400709e-310
1648858966.7320570946 -0.060316300732891021952 0.0068139277315819035685 0 3.4090529563046011548e-322 4.6760467195809386132e-310 4.6760467082664400709e-310
1648858966.7706329823 -0.060316300732891021952 0.0068139277315819035685 0 3.4090529563046011548e-322 4.6760467195809386132e-310 4.6760467082664400709e-310
1648858966.7621147633 -0.072631382854802542526 0.0070342438244268964617 0 3.4090529563046011548e-322 4.6760467195809386132e-310 4.6760467082664400709e-310
1648858966.7821507454 -0.072631382854802542526 0.0070342438244268964617 0 3.4090529563046011548e-322 4.6760467195809386132e-310 4.6760467082664400709e-310
1648858966.8051915169 -0.072631382854802542526 0.0070342438244268964617 0 3.4090529563046011548e-322 4.6760467195809386132e-310 4.6760467082664400709e-310
1648858966.8252260685 -0.072631382854802542526 0.0070342438244268964617 0 3.4090529563046011548e-322 4.6760467195809386132e-310 4.6760467082664400709e-310
1648858966.8452620506 -0.072631382854802542526 0.0070342438244268964617 0 3.4090529563046011548e-322 4.6760467195809386132e-310 4.6760467082664400709e-310
1648858966.8552803993 -0.085501329258523037224 0.0071893429082809431202 0 1.1906982064774041715e-321 6.9476429972978390434e-310 6.9476429972978390434e-310
1648858966.875316143 -0.085501329258523037224 0.0071893429082809431202 0 1.1906982064774041715e-321 6.9476429972978390434e-310 6.9476429972978390434e-310
1648858966.8953535557 -0.085501329258523037224 0.0071893429082809431202 0 1.2104608323110540332e-321 6.9476638229916795168e-310 2.121995791459337961e-314
1648858966.915387392 -0.085501329258523037224 0.0071893429082809431202 0 1.2104608323110540332e-321 6.9476638229916795168e-310 2.121995791459337961e-314
1648858966.9354228973 -0.085501329258523037224 0.0071893429082809431202 0 1.2104608323110540332e-321 6.9476429976322226725e-310 0
1648858966.9454464912 -0.097625347812883678245 0.0085939980535589179794 0 4.0019317313140970078e-322 6.9476635905468364815e-310 6.9476635905468364815e-310
1648858966.9654819965 -0.097625347812883678245 0.0085939980535589179794 0 4.0019317313140970078e-322 6.9476635905468364815e-310 6.9476635905468364815e-310
1648858966.9855194092 -0.097625347812883678245 0.0085939980535589179794 0 4.0019317313140970078e-322 6.9476635905468364815e-310 6.9476635905468364815e-310
1648858967.0055530071 -0.097625347812883678245 0.0085939980535589179794 0 4.0019317313140970078e-322 6.9476635905468364815e-310 6.9476635905468364815e-310
1648858967.0255880356 -0.097625347812883678245 0.0085939980535589179794 0 4.0019317313140970078e-322 6.9476635905468364815e-310 6.9476635905468364815e-310
1648858967.045624733 -0.097625347812883678245 0.0085939980535589179794 0 4.0019317313140970078e-322 6.9476635905468364815e-310 6.9476635905468364815e-310
1648858967.0556402206 -0.11177983325187478003 0.0082370496919758427051 0 5.5829417980060859492e-322 4.6760467193603877089e-310 4.6760467082664400709e-310
1648858967.0756778717 -0.11177983325187478003 0.0082370496919758427051 0 5.5829417980060859492e-322 4.6760467193603877089e-310 4.6760467082664400709e-310
1648858967.0957114697 -0.11177983325187478003 0.0082370496919758427051 0 5.5829417980060859492e-322 4.6760467193603877089e-310 4.6760467082664400709e-310
1648858967.1157462597 -0.11177983325187478003 0.0082370496919758427051 0 5.5829417980060859492e-322 4.6760467193603877089e-310 4.6760467082664400709e-310
1648858967.1357829571 -0.11177983325187478003 0.0082370496919758427051 0 5.5829417980060859492e-322 4.6760467193603877089e-310 4.6760467082664400709e-310
1648858967.1666476727 -0.11177983325187478003 0.0082370496919758427051 0 5.5829417980060859492e-322 4.6760467193603877089e-310 4.6760467082664400709e-310
1648858967.1658346653 -0.12550804301663665008 0.0077357661870984684854 0 2.4209216646221080665e-322 4.6760467142308005475e-310 4.6760467151975882033e-310
1648858967.1858670712 -0.12550804301663665008 0.0077357661870984684854 0 2.4209216646221080665e-322 4.6760467142308005475e-310 4.6760467151975882033e-310
1648858967.2059018612 -0.12550804301663665008 0.0077357661870984684854 0 2.4209216646221080665e-322 4.6760467142308005475e-310 4.6760467151975882033e-310
1648858967.2259383202 -0.12550804301663665008 0.0077357661870984684854 0 2.4209216646221080665e-322 4.6760467142308005475e-310 4.6760467151975882033e-310
1648858967.245970726 -0.12550804301663665008 0.0077357661870984684854 0 2.4209216646221080665e-322 4.6760467142308005475e-310 4.6760467151975882033e-310
1648858967.2559900284 -0.13913981554154236653 0.0073882107530257876485 0 2.4209216646221080665e-322 4.6760467142308005475e-310 4.6760467151975882033e-310
1648858967.2760224342 -0.13913981554154236653 0.0073882107530257876485 0 2.4209216646221080665e-322 4.6760467142308005475e-310 4.6760467151975882033e-310
1648858967.2960574627 -0.13913981554154236653 0.0073882107530257876485 0 2.4209216646221080665e-322 4.6760467142308005475e-310 4.6760467151975882033e-310
1648858967.3160936832 -0.13913981554154236653 0.0073882107530257876485 0 2.4209216646221080665e-322 4.6760467142308005475e-310 4.6760467151975882033e-310
1648858967.3361253738 -0.13913981554154236653 0.0073882107530257876485 0 2.4209216646221080665e-322 4.6760467142308005475e-310 4.6760467151975882033e-310
1648858967.3461441994 -0.15150492804617513021 0.0070323666988278497186 0 0 0 3.4090529563046011548e-322
1648858967.3661823273 -0.15150492804617513021 0.0070323666988278497186 0 0 0 3.4090529563046011548e-322
1648858967.3862168789 -0.15150492804617513021 0.0070323666988278497186 0 0 0 3.4090529563046011548e-322
1648858967.4062530994 -0.15150492804617513021 0.0070323666988278497186 0 0 0 3.4090529563046011548e-322
1648858967.4262850285 -0.15150492804617513021 0.0070323666988278497186 0 0 0 3.4090529563046011548e-322
1648858967.4463186264 -0.15150492804617513021 0.0070323666988278497186 0 0 0 3.4090529563046011548e-322
1648858967.4563353062 -0.16461567980831054436 0.0068806170907517606034 0 4.0019317313140970078e-322 6.9476635905847807231e-310 6.9476635905847807231e-310
1648858967.476369381 -0.16461567980831054436 0.0068806170907517606034 0 4.0019317313140970078e-322 6.9476635905847807231e-310 6.9476635905847807231e-310
1648858967.4964046478 -0.16461567980831054436 0.0068806170907517606034 0 4.0019317313140970078e-322 6.9476635905847807231e-310 6.9476635905847807231e-310
1648858967.5164365768 -0.16461567980831054436 0.0068806170907517606034 0 4.0019317313140970078e-322 6.9476635905847807231e-310 6.9476635905847807231e-310
1648858967.5364701748 -0.16461567980831054436 0.0068806170907517606034 0 4.0019317313140970078e-322 6.9476635905847807231e-310 6.9476635905847807231e-310
1648858967.5444889069 -0.1761286066526966676 0.0075487486073391443439 0 4.0019317313140970078e-322 6.9476635905681801174e-310 6.9476635905681801174e-310
1648858967.5645265579 -0.1761286066526966676 0.0075487486073391443439 0 4.0019317313140970078e-322 6.9476635905681801174e-310 6.9476635905681801174e-310
1648858967.5845718384 -0.1761286066526966676 0.0075487486073391443439 0 4.0019317313140970078e-322 6.9476635905681801174e-310 6.9476635905681801174e-310
1648858967.6046073437 -0.1761286066526966676 0.0075487486073391443439 0 4.0019317313140970078e-322 6.9476635905681801174e-310 6.9476635905681801174e-310
1648858967.6246440411 -0.1761286066526966676 0.0075487486073391443439 0 4.0019317313140970078e-322 6.9476635905681801174e-310 6.9476635905681801174e-310
1648858967.6446826458 -0.1761286066526966676 0.0075487486073391443439 0 4.0019317313140970078e-322 6.9476635905681801174e-310 6.9476635905681801174e-310
1648858967.6546993256 -0.18767333367834612701 0.0085308782163735601134 0 4.0019317313140970078e-322 6.9476635905460459765e-310 6.9476635905460459765e-310
1648858967.6747386456 -0.18767333367834612701 0.0085308782163735601134 0 4.0019317313140970078e-322 6.9476635905460459765e-310 6.9476635905460459765e-310
1648858967.6947731972 -0.18767333367834612701 0.0085308782163735601134 0 4.0019317313140970078e-322 6.9476635905460459765e-310 6.9476635905460459765e-310
1648858967.7148098946 -0.18767333367834612701 0.0085308782163735601134 0 4.0019317313140970078e-322 6.9476635905460459765e-310 6.9476635905460459765e-310
1648858967.7348489761 -0.18767333367834612701 0.0085308782163735601134 0 4.0019317313140970078e-322 6.9476635905460459765e-310 6.9476635905460459765e-310
1648858967.7448651791 -0.19893394416727405716 0.0078798463494342777663 0 3.2114266979681025371e-322 4.6760467196765897222e-310 4.6760467082664400709e-310
1648858967.7649040222 -0.19893394416727405716 0.0078798463494342777663 0 3.2114266979681025371e-322 4.6760467196765897222e-310 4.6760467082664400709e-310
1648858967.7869400978 -0.19893394416727405716 0.0078798463494342777663 0 3.2114266979681025371e-322 4.6760467196765897222e-310 4.6760467082664400709e-310
1648858967.8069844246 -0.19893394416727405716 0.0078798463494342777663 0 3.2114266979681025371e-322 4.6760467196765897222e-310 4.6760467082664400709e-310
1648858967.8270192146 -0.19893394416727405716 0.0078798463494342777663 0 3.2114266979681025371e-322 4.6760467196765897222e-310 4.6760467082664400709e-310
1648858967.8470556736 -0.19893394416727405716 0.0078798463494342777663 0 3.2114266979681025371e-322 4.6760467196765897222e-310 4.6760467082664400709e-310
1648858967.8570740223 -0.21092992976649116432 0.0063097338329798496881 0 0 -2.2417474831895427279e-06 3.2114266979681025371e-322
1648858967.8771104813 -0.21092992976649116432 0.0063097338329798496881 0 0 -2.2417474831895427279e-06 3.2114266979681025371e-322
1648858967.8971488476 -0.21092992976649116432 0.0063097338329798496881 0 0 -2.2417474831895427279e-06 3.2114266979681025371e-322
1648858967.9171831608 -0.21092992976649116432 0.0063097338329798496881 0 0 -2.2417474831895427279e-06 3.2114266979681025371e-322
1648858967.9372191429 -0.21092992976649116432 0.0063097338329798496881 0 0 -2.2417474831895427279e-06 3.2114266979681025371e-322
1648858967.9693949223 -0.21092992976649116432 0.0063097338329798496881 0 0 -2.2417474831895427279e-06 3.2114266979681025371e-322
1648858967.9672727585 -0.22219593507322360493 0.0043660785126600123313 0 0 0.0099999999999997868372 3.2114266979681025371e-322
1648858967.9873111248 -0.22219593507322360493 0.0043660785126600123313 0 0 0.0099999999999997868372 3.2114266979681025371e-322
1648858968.0073447227 -0.22219593507322360493 0.0043660785126600123313 0 0 0.0099999999999997868372 3.2114266979681025371e-322
1648858968.0273866653 -0.22219593507322360493 0.0043660785126600123313 0 0 0.0099999999999997868372 3.2114266979681025371e-322
1648858968.0474245548 -0.22219593507322360493 0.0043660785126600123313 0 0 0.0099999999999997868372 3.2114266979681025371e-322
1648858968.0574402809 -0.23209307121665323503 0.0037144120754901937924 0 0 0.0099999999999997868372 3.2114266979681025371e-322
1648858968.0774776936 -0.23209307121665323503 0.0037144120754901937924 0 0 0.0099999999999997868372 3.2114266979681025371e-322
1648858968.0975110531 -0.23209307121665323503 0.0037144120754901937924 0 0 0.0099999999999997868372 3.2114266979681025371e-322
1648858968.1175467968 -0.23209307121665323503 0.0037144120754901937924 0 0 0.0099999999999997868372 3.2114266979681025371e-322
1648858968.1375844479 -0.23209307121665323503 0.0037144120754901937924 0 0 0.0099999999999997868372 3.2114266979681025371e-322
1648858968.1675457954 -0.23209307121665323503 0.0037144120754901937924 0 0 0.0099999999999997868372 3.2114266979681025371e-322
1648858968.1676375866 -0.24160162259948633756 0.0029965756699610150704 0 1.6811647334430930632e-05 -4.372807712573097308e-06 2.4209216646221080665e-322
1648858968.1876707077 -0.24160162259948633756 0.0029965756699610150704 0 1.6811647334430930632e-05 -4.372807712573097308e-06 2.4209216646221080665e-322
1648858968.2077059746 -0.24160162259948633756 0.0029965756699610150704 0 1.6811647334430930632e-05 -4.372807712573097308e-06 2.4209216646221080665e-322
1648858968.2277431488 -0.24160162259948633756 0.0029965756699610150704 0 1.6811647334430930632e-05 -4.372807712573097308e-06 2.4209216646221080665e-322
1648858968.247781992 -0.24160162259948633756 0.0029965756699610150704 0 1.6811647334430930632e-05 -4.372807712573097308e-06 2.4209216646221080665e-322
1648858968.2578015327 -0.25084795673645932101 0.0022430694557564823458 0 3.4090529563046011548e-322 4.6760467198457577993e-310 4.6760467082664400709e-310
1648858968.2778348923 -0.25084795673645932101 0.0022430694557564823458 0 3.4090529563046011548e-322 4.6760467198457577993e-310 4.6760467082664400709e-310
1648858968.2978701591 -0.25084795673645932101 0.0022430694557564823458 0 3.4090529563046011548e-322 4.6760467198457577993e-310 4.6760467082664400709e-310
1648858968.3179066181 -0.25084795673645932101 0.0022430694557564823458 0 3.4090529563046011548e-322 4.6760467198457577993e-310 4.6760467082664400709e-310
1648858968.3379406929 -0.25084795673645932101 0.0022430694557564823458 0 3.4090529563046011548e-322 4.6760467198457577993e-310 4.6760467082664400709e-310
1648858968.3579754829 -0.25084795673645932101 0.0022430694557564823458 0 3.4090529563046011548e-322 4.6760467198457577993e-310 4.6760467082664400709e-310
1648858968.367992878 -0.25953736439770830335 0.0011041508823979669009 0 -1.656348643486778909e-05 -4.3728077125730947669e-06 4.0019317313140970078e-322
1648858968.3880267143 -0.25953736439770830335 0.0011041508823979669009 0 -1.656348643486778909e-05 -4.3728077125730947669e-06 4.0019317313140970078e-322
1648858968.4080631733 -0.25953736439770830335 0.0011041508823979669009 0 -1.656348643486778909e-05 -4.3728077125730947669e-06 4.0019317313140970078e-322
1648858968.4280958176 -0.25953736439770830335 0.0011041508823979669009 0 -1.656348643486778909e-05 -4.3728077125730947669e-06 4.0019317313140970078e-322
1648858968.4481303692 -0.25953736439770830335 0.0011041508823979669009 0 -1.656348643486778909e-05 -4.3728077125730947669e-06 4.0019317313140970078e-322
1648858968.4581534863 -0.26682559672107780679 0.00079597291843132604236 0 0.010017633438110351562 0 1.9021527364887991951e-321
1648858968.4781873226 -0.26682559672107780679 0.00079597291843132604236 0 0.010017633438110351562 0 1.9021527364887991951e-321
1648858968.4982235432 -0.26682559672107780679 0.00079597291843132604236 0 0.010017633438110351562 0 9.0957485399373488783e-321
1648858968.518255949 -0.26682559672107780679 0.00079597291843132604236 0 0.010017633438110351562 0 1.9021527364887991951e-321
1648858968.538289547 -0.26682559672107780679 0.00079597291843132604236 0 0.010017633438110351562 0 9.0957485399373488783e-321
1648858968.5483064651 -0.2737636332491562019 0.00087761972192459340291 0 4.0019317313140970078e-322 6.9476635905942667835e-310 6.9476635905942667835e-310
1648858968.5683403015 -0.2737636332491562019 0.00087761972192459340291 0 4.0019317313140970078e-322 6.9476635905942667835e-310 6.9476635905942667835e-310
1648858968.5883760452 -0.2737636332491562019 0.00087761972192459340291 0 4.0019317313140970078e-322 6.9476635905942667835e-310 6.9476635905942667835e-310
1648858968.608407259 -0.2737636332491562019 0.00087761972192459340291 0 4.0019317313140970078e-322 6.9476635905942667835e-310 6.9476635905942667835e-310
1648858968.6284408569 -0.2737636332491562019 0.00087761972192459340291 0 4.0019317313140970078e-322 6.9476635905942667835e-310 6.9476635905942667835e-310
1648858968.6622264385 -0.2737636332491562019 0.00087761972192459340291 0 4.0019317313140970078e-322 6.9476635905942667835e-310 6.9476635905942667835e-310
1648858968.6584913731 -0.28067438741304778782 0.00092738380708838369544 0 4.0019317313140970078e-322 6.9476635905705516325e-310 6.9476635905705516325e-310
1648858968.6785266399 -0.28067438741304778782 0.00092738380708838369544 0 4.0019317313140970078e-322 6.9476635905705516325e-310 6.9476635905705516325e-310
1648858968.7005562782 -0.28067438741304778782 0.00092738380708838369544 0 4.0019317313140970078e-322 6.9476635905705516325e-310 6.9476635905705516325e-310
1648858968.7205913067 -0.28067438741304778782 0.00092738380708838369544 0 4.0019317313140970078e-322 6.9476635905705516325e-310 6.9476635905705516325e-310
1648858968.7406225204 -0.28067438741304778782 0.00092738380708838369544 0 4.0019317313140970078e-322 6.9476635905705516325e-310 6.9476635905705516325e-310
1648858968.750641346 -0.28720204872911964111 0.0011267550836534317386 0 4.0019317313140970078e-322 6.9476635905705516325e-310 6.9476635905705516325e-310
1648858968.7706727982 -0.28720204872911964111 0.0011267550836534317386 0 4.0019317313140970078e-322 6.9476635905705516325e-310 6.9476635905705516325e-310
1648858968.7907059193 -0.28720204872911964111 0.0011267550836534317386 0 4.0019317313140970078e-322 6.9476635905705516325e-310 6.9476635905705516325e-310
1648858968.8107411861 -0.28720204872911964111 0.0011267550836534317386 0 4.0019317313140970078e-322 6.9476635905705516325e-310 6.9476635905705516325e-310
1648858968.8307719231 -0.28720204872911964111 0.0011267550836534317386 0 4.0019317313140970078e-322 6.9476635905705516325e-310 6.9476635905705516325e-310
1648858968.8611238003 -0.28720204872911964111 0.0011267550836534317386 0 4.0019317313140970078e-322 6.9476635905705516325e-310 6.9476635905705516325e-310
1648858968.8608214855 -0.29349362481537016878 0.0015431473142943690977 0 3.4090529563046011548e-322 4.6760467198307382037e-310 4.6760467082664400709e-310
1648858968.8808600903 -0.29349362481537016878 0.0015431473142943690977 0 3.4090529563046011548e-322 4.6760467198307382037e-310 4.6760467082664400709e-310
1648858968.9008946419 -0.29349362481537016878 0.0015431473142943690977 0 3.4090529563046011548e-322 4.6760467198307382037e-310 4.6760467082664400709e-310
1648858968.9209251404 -0.29349362481537016878 0.0015431473142943690977 0 3.4090529563046011548e-322 4.6760467198307382037e-310 4.6760467082664400709e-310
1648858968.9409575462 -0.29349362481537016878 0.0015431473142943690977 0 3.4090529563046011548e-322 4.6760467198307382037e-310 4.6760467082664400709e-310
1648858968.9709377289 -0.29349362481537016878 0.0015431473142943690977 0 3.4090529563046011548e-322 4.6760467198307382037e-310 4.6760467082664400709e-310
1648858968.9710063934 -0.29986779195369511752 0.0016443273903889612901 0 3.2114266979681025371e-322 4.6760467199477329486e-310 4.6760467082664400709e-310
1648858968.9910407066 -0.29986779195369511752 0.0016443273903889612901 0 3.2114266979681025371e-322 4.6760467199477329486e-310 4.6760467082664400709e-310
1648858969.0110712051 -0.29986779195369511752 0.0016443273903889612901 0 3.2114266979681025371e-322 4.6760467199477329486e-310 4.6760467082664400709e-310
1648858969.0311038494 -0.29986779195369511752 0.0016443273903889612901 0 3.2114266979681025371e-322 4.6760467199477329486e-310 4.6760467082664400709e-310
1648858969.051138401 -0.29986779195369511752 0.0016443273903889612901 0 3.2114266979681025371e-322 4.6760467199477329486e-310 4.6760467082664400709e-310
1648858969.0611524582 -0.30534376361018816803 0.0022462278650689456762 0 0 0 3.4090529563046011548e-322
1648858969.0811870098 -0.30534376361018816803 0.0022462278650689456762 0 0 0 3.4090529563046011548e-322
1648858969.1012229919 -0.30534376361018816803 0.0022462278650689456762 0 0 0 3.4090529563046011548e-322
1648858969.1212544441 -0.30534376361018816803 0.0022462278650689456762 0 0 0 3.4090529563046011548e-322
1648858969.1412880421 -0.30534376361018816803 0.0022462278650689456762 0 0 0 3.4090529563046011548e-322
1648858969.1683232784 -0.30534376361018816803 0.0022462278650689456762 0 0 0 3.4090529563046011548e-322
1648858969.171336174 -0.31089103932827144572 0.0024922260766242188522 0 2.6333698923338440805e-321 6.9476638229916795168e-310 0
1648858969.1913657188 -0.31089103932827144572 0.0024922260766242188522 0 2.6333698923338440805e-321 6.9476638229916795168e-310 0
1648858969.211397171 -0.31089103932827144572 0.0024922260766242188522 0 2.6333698923338440805e-321 6.9476638229916795168e-310 0
1648858969.2314302921 -0.31089103932827144572 0.0024922260766242188522 0 2.6333698923338440805e-321 6.9476638229916795168e-310 0
1648858969.2514600754 -0.31089103932827144572 0.0024922260766242188522 0 2.6333698923338440805e-321 6.9476638229916795168e-310 0
1648858969.2614779472 -0.31593859686581948765 0.0025086160775845776222 0 9.0957485399373488783e-321 1 0
1648858969.2815070152 -0.31593859686581948765 0.0025086160775845776222 0 9.0957485399373488783e-321 1 0
1648858969.3015387058 -0.31593859686581948765 0.0025086160775845776222 0 9.0957485399373488783e-321 1 0
1648858969.3215782642 -0.31593859686581948765 0.0025086160775845776222 0 9.0957485399373488783e-321 1 0
1648858969.3416082859 -0.31593859686581948765 0.0025086160775845776222 0 9.0957485399373488783e-321 1 0
1648858969.3516256809 -0.3202706945991803944 0.0025920623026481175166 0 9.0957485399373488783e-321 1 0
1648858969.3716549873 -0.3202706945991803944 0.0025920623026481175166 0 9.0957485399373488783e-321 1 0
1648858969.3916864395 -0.3202706945991803944 0.0025920623026481175166 0 9.0957485399373488783e-321 1 0
1648858969.4117200375 -0.3202706945991803944 0.0025920623026481175166 0 9.0957485399373488783e-321 1 0
1648858969.4317493439 -0.3202706945991803944 0.0025920623026481175166 0 9.0957485399373488783e-321 1 0
1648858969.4517800808 -0.3202706945991803944 0.0025920623026481175166 0 9.0957485399373488783e-321 1 0
1648858969.46179533 -0.32505112594810620097 0.002501749015725741182 0 3.4090529563046011548e-322 4.6760467197208580041e-310 4.6760467082664400709e-310
1648858969.481826067 -0.32505112594810620097 0.002501749015725741182 0 3.4090529563046011548e-322 4.6760467197208580041e-310 4.6760467082664400709e-310
1648858969.5018594265 -0.32505112594810620097 0.002501749015725741182 0 3.4090529563046011548e-322 4.6760467197208580041e-310 4.6760467082664400709e-310
1648858969.5218877792 -0.32505112594810620097 0.002501749015725741182 0 3.4090529563046011548e-322 4.6760467197208580041e-310 4.6760467082664400709e-310
1648858969.541924715 -0.32505112594810620097 0.002501749015725741182 0 3.4090529563046011548e-322 4.6760467197208580041e-310 4.6760467082664400709e-310
1648858969.5499420166 -0.32914560004713622199 0.0022594529297476602728 0 3.2114266979681025371e-322 4.6760467197706598212e-310 0
1648858969.5699768066 -0.32914560004713622199 0.0022594529297476602728 0 3.2114266979681025371e-322 4.6760467197706598212e-310 0
1648858969.5900132656 -0.32914560004713622199 0.0022594529297476602728 0 3.2114266979681025371e-322 4.6760467197706598212e-310 0
1648858969.6100459099 -0.32914560004713622199 0.0022594529297476602728 0 3.2114266979681025371e-322 4.6760467197706598212e-310 0
1648858969.6320841312 -0.32914560004713622199 0.0022594529297476602728 0 3.2114266979681025371e-322 4.6760467197706598212e-310 0
1648858969.66355896 -0.32914560004713622199 0.0022594529297476602728 0 3.2114266979681025371e-322 4.6760467197706598212e-310 0
1648858969.6621353626 -0.33284435263725409282 0.002184342267372987173 0 3.2114266979681025371e-322 4.6760467197706598212e-310 0
1648858969.6821672916 -0.33284435263725409282 0.002184342267372987173 0 3.2114266979681025371e-322 4.6760467197706598212e-310 0
1648858969.702201128 -0.33284435263725409282 0.002184342267372987173 0 3.2114266979681025371e-322 4.6760467197706598212e-310 0
1648858969.7222373486 -0.33284435263725409282 0.002184342267372987173 0 3.2114266979681025371e-322 4.6760467197706598212e-310 0
1648858969.7626671791 -0.33284435263725409282 0.002184342267372987173 0 3.2114266979681025371e-322 4.6760467197706598212e-310 0
1648858969.7522938251 -0.33631755113902450649 0.0020513428417384556822 0 3.4090529563046011548e-322 4.6760467199042551718e-310 4.6760467082664400709e-310
1648858969.7723252773 -0.33631755113902450649 0.0020513428417384556822 0 3.4090529563046011548e-322 4.6760467199042551718e-310 4.6760467082664400709e-310
1648858969.7923588753 -0.33631755113902450649 0.0020513428417384556822 0 3.4090529563046011548e-322 4.6760467199042551718e-310 4.6760467082664400709e-310
1648858969.8123941422 -0.33631755113902450649 0.0020513428417384556822 0 3.4090529563046011548e-322 4.6760467199042551718e-310 4.6760467082664400709e-310
1648858969.8324260712 -0.33631755113902450649 0.0020513428417384556822 0 3.4090529563046011548e-322 4.6760467199042551718e-310 4.6760467082664400709e-310
1648858969.8524594307 -0.33991206606408047586 0.0016919284324361028634 0 4.1995579896505956255e-322 6.9476429973089061138e-310 6.9476429973089061138e-310
1648858969.872494936 -0.33991206606408047586 0.0016919284324361028634 0 4.1995579896505956255e-322 6.9476429973089061138e-310 6.9476429973089061138e-310
1648858969.8925263882 -0.33991206606408047586 0.0016919284324361028634 0 4.1995579896505956255e-322 6.9476429973089061138e-310 6.9476429973089061138e-310
1648858969.9125599861 -0.33991206606408047586 0.0016919284324361028634 0 4.1995579896505956255e-322 6.9476429973089061138e-310 6.9476429973089061138e-310
1648858969.9325954914 -0.33991206606408047586 0.0016919284324361028634 0 4.1995579896505956255e-322 6.9476429973089061138e-310 6.9476429973089061138e-310
1648858969.9615399837 -0.33991206606408047586 0.0016919284324361028634 0 4.1995579896505956255e-322 6.9476429973089061138e-310 6.9476429973089061138e-310
1648858969.9626514912 -0.34316907487357389828 0.0015321381154733105471 0 0 0.0099999999999997868372 3.2114266979681025371e-322
1648858969.9826829433 -0.34316907487357389828 0.0015321381154733105471 0 0 0.0099999999999997868372 3.2114266979681025371e-322
1648858970.0027163029 -0.34316907487357389828 0.0015321381154733105471 0 0 0.0099999999999997868372 3.2114266979681025371e-322
1648858970.0227513313 -0.34316907487357389828 0.0015321381154733105471 0 0 0.0099999999999997868372 3.2114266979681025371e-322
1648858970.0427823067 -0.34316907487357389828 0.0015321381154733105471 0 0 0.0099999999999997868372 3.2114266979681025371e-322
1648858970.0528004169 -0.34638759022890003303 0.0012012741232720720256 0 0 0.0099999999999997868372 4.0019317313140970078e-322
1648858970.0728309155 -0.34638759022890003303 0.0012012741232720720256 0 0 0.0099999999999997868372 4.0019317313140970078e-322
1648858970.0928635597 -0.34638759022890003303 0.0012012741232720720256 0 0 0.0099999999999997868372 4.0019317313140970078e-322
1648858970.1128981113 -0.34638759022890003303 0.0012012741232720720256 0 0 0.0099999999999997868372 4.0019317313140970078e-322
1648858970.1329283714 -0.34638759022890003303 0.0012012741232720720256 0 0 0.0099999999999997868372 4.0019317313140970078e-322
1648858970.1529610157 -0.34638759022890003303 0.0012012741232720720256 0 0 0.0099999999999997868372 4.0019317313140970078e-322
1648858970.1629769802 -0.34944401605972497116 0.00096060036372602589962 0 9.0957485399373488783e-321 0 0
1648858970.1830163002 -0.34944401605972497116 0.00096060036372602589962 0 9.0957485399373488783e-321 0 0
1648858970.2030508518 -0.34944401605972497116 0.00096060036372602589962 0 9.0957485399373488783e-321 0 0
1648858970.2230811119 -0.34944401605972497116 0.00096060036372602589962 0 9.0957485399373488783e-321 0 0
1648858970.2431137562 -0.34944401605972497116 0.00096060036372602589962 0 9.0957485399373488783e-321 0 0
1648858970.2531299591 -0.35221477063263761931 0.00064409869600293254577 0 9.0957485399373488783e-321 0 0
1648858970.2731626034 -0.35221477063263761931 0.00064409869600293254577 0 9.0957485399373488783e-321 0 0
1648858970.2931962013 -0.35221477063263761931 0.00064409869600293254577 0 9.0957485399373488783e-321 0 0
1648858970.3132257462 -0.35221477063263761931 0.00064409869600293254577 0 9.0957485399373488783e-321 0 0
1648858970.3332574368 -0.35221477063263761931 0.00064409869600293254577 0 9.0957485399373488783e-321 0 0
1648858970.3677265644 -0.35221477063263761931 0.00064409869600293254577 0 9.0957485399373488783e-321 0 0
1648858970.3733212948 -0.3549620471531766408 0.00035364131914344482327 0 9.0957485399373488783e-321 0 0
1648858970.3933589458 -0.3549620471531766408 0.00035364131914344482327 0 9.0957485399373488783e-321 0 0
1648858970.4133923054 -0.3549620471531766408 0.00035364131914344482327 0 9.0957485399373488783e-321 0 0
1648858970.4334218502 -0.3549620471531766408 0.00035364131914344482327 0 9.0957485399373488783e-321 0 0
1648858970.4666814804 -0.3549620471531766408 0.00035364131914344482327 0 9.0957485399373488783e-321 0 0
1648858970.4634690285 -0.35738399270983733924 -9.6929242337089353485e-06 0 0 0 3.4090529563046011548e-322
1648858970.4835004807 -0.35738399270983733924 -9.6929242337089353485e-06 0 0 0 3.4090529563046011548e-322
1648858970.5035338402 -0.35738399270983733924 -9.6929242337089353485e-06 0 0 0 3.4090529563046011548e-322
1648858970.5235631466 -0.35738399270983733924 -9.6929242337089353485e-06 0 0 0 3.4090529563046011548e-322
1648858970.5435948372 -0.35738399270983733924 -9.6929242337089353485e-06 0 0 0 3.4090529563046011548e-322
1648858970.5536105633 -0.3597449850320420528 -0.00035945019971217164129 0 0 -2.9778962466072388116e-05 3.2114266979681025371e-322
1648858970.576641798 -0.3597449850320420528 -0.00035945019971217164129 0 0 -2.9778962466072388116e-05 3.2114266979681025371e-322
1648858970.596675396 -0.3597449850320420528 -0.00035945019971217164129 0 0 -2.9778962466072388116e-05 3.2114266979681025371e-322
1648858970.6167166233 -0.3597449850320420528 -0.00035945019971217164129 0 0 -2.9778962466072388116e-05 3.2114266979681025371e-322
1648858970.6367473602 -0.3597449850320420528 -0.00035945019971217164129 0 0 -2.9778962466072388116e-05 3.2114266979681025371e-322
1648858970.6467654705 -0.36161395895477288498 -0.00054127329388931023305 0 0 -2.9778962466072388116e-05 3.2114266979681025371e-322
1648858970.666795969 -0.36161395895477288498 -0.00054127329388931023305 0 0 -2.9778962466072388116e-05 3.2114266979681025371e-322
1648858970.6868286133 -0.36161395895477288498 -0.00054127329388931023305 0 0 -2.9778962466072388116e-05 3.2114266979681025371e-322
1648858970.7068629265 -0.36161395895477288498 -0.00054127329388931023305 0 0 -2.9778962466072388116e-05 3.2114266979681025371e-322
1648858970.7268936634 -0.36161395895477288498 -0.00054127329388931023305 0 0 -2.9778962466072388116e-05 3.2114266979681025371e-322
1648858970.7469265461 -0.36161395895477288498 -0.00054127329388931023305 0 0 -2.9778962466072388116e-05 3.2114266979681025371e-322
1648858970.756942749 -0.36368136404534723294 -0.00063275917870043269734 0 0 0 3.4090529563046011548e-322
1648858970.7769751549 -0.36368136404534723294 -0.00063275917870043269734 0 0 0 3.4090529563046011548e-322
1648858970.7970097065 -0.36368136404534723294 -0.00063275917870043269734 0 0 0 3.4090529563046011548e-322
1648858970.817040205 -0.36368136404534723294 -0.00063275917870043269734 0 0 0 3.4090529563046011548e-322
1648858970.8370785713 -0.36368136404534723294 -0.00063275917870043269734 0 0 0 3.4090529563046011548e-322
1648858970.8571128845 -0.36565181953033776274 -0.00070313603727755499655 0 0.001099609620467239526 0.00013377193736404362082 4.0019317313140970078e-322
1648858970.877143383 -0.36565181953033776274 -0.00070313603727755499655 0 0.001099609620467239526 0.00013377193736404362082 4.0019317313140970078e-322
1648858970.897175312 -0.36565181953033776274 -0.00070313603727755499655 0 0.001099609620467239526 0.00013377193736404362082 4.0019317313140970078e-322
1648858970.9172098637 -0.36565181953033776274 -0.00070313603727755499655 0 0.001099609620467239526 0.00013377193736404362082 4.0019317313140970078e-322
1648858970.9372401237 -0.36565181953033776274 -0.00070313603727755499655 0 0.001099609620467239526 0.00013377193736404362082 4.0019317313140970078e-322
1648858970.9472577572 -0.36742836456237132348 -0.00081221037290716798559 0 0 0 3.4090529563046011548e-322
