1 0 0 -0.0022546463316486763107 0 1 0 -0.0030498988220023629837 0 0 1 -0.0021360288939365475007
1 0 0 -0.0062303662098783700943 0 1 0 -0.0084934508683326068179 0 0 1 -0.0059341390359278082048
1 0 0 -0.012143778394068990151 0 1 0 -0.016694714455684267485 0 0 1 -0.011630186969459475194
1 0 0 -0.019953907731063490888 0 1 0 -0.027678183178499810718 0 0 1 -0.019221689700950023855
1 0 0 -0.029626579890029092201 0 1 0 -0.041472251079112384953 0 0 1 -0.028714063262091641532
1 0 0 -0.0034506804118886614391 0 1 0 -0.0039213630889823906586 0 0 1 0.016205357947027165116
1 0 0 -0.0074390832501342743846 0 1 0 -0.0098850783448816651605 0 0 1 0.017447430247784133373
1 0 0 -0.012344288385926717802 0 1 0 -0.017473053902271492438 0 0 1 0.018220069134800155608
1 0 0 -0.01812719349937219615 0 1 0 -0.026711858936122417213 0 0 1 0.018519073132960302969
1 0 0 -0.024750294283827800612 0 1 0 -0.03762943480520586359 0 0 1 0.018341170853236832272
1 0 0 0.00055275065806117268385 0 1 0 0.0053731106154919910933 0 0 1 0.027434978371995683011
1 0 0 -0.0011883916546888432988 0 1 0 0.002222581814779705893 0 0 1 0.029664924037343384094
1 0 0 -0.0031323717750355939762 0 1 0 -0.0017158879698517812747 0 0 1 0.031809372556546276767
1 0 0 -0.0052415408589312371609 0 1 0 -0.0064657480619037437444 0 0 1 0.033866476429925719549
1 0 0 -0.0074772015822619393444 0 1 0 -0.012054961483286035645 0 0 1 0.035831705448018703886
1 0 0 -0.0098021876469364319084 0 1 0 -0.018504825734955515637 0 0 1 0.037696623732427173015
1 0 0 -0.00027795853082032733394 0 1 0 0.0092072305422785036266 0 0 1 0.032124143769783848612
1 0 0 -0.00090429153380084618258 0 1 0 0.0066103048647621186901 0 0 1 0.033773797908046639116
1 0 0 -0.0014151667149864173307 0 1 0 0.0034598122058261994438 0 0 1 0.035382590247084969026
1 0 0 -0.001770849872764247929 0 1 0 -0.00026932007900369266985 0 0 1 0.036944170197628592445
1 0 0 -0.0019351162776473870321 0 1 0 -0.0046024239254359002385 0 0 1 0.038453885568890441848
1 0 0 -0.0021804962217194141794 0 1 0 0.01401013241149108926 0 0 1 0.033178633047196058603
1 0 0 -0.0020356476178959655339 0 1 0 0.01187411477381941291 0 0 1 0.034334936179677089108
1 0 0 -0.0016217715156445601868 0 1 0 0.0092637480984777993004 0 0 1 0.03545131031094739954
1 0 0 -0.00090031664729023732404 0 1 0 0.0061558205586180990421 0 0 1 0.036522512975386112188
1 0 0 0.00016771083472277267855 0 1 0 0.002524837050799516331 0 0 1 0.037541945869633719379
1 0 0 -0.0050323132156385305333 0 1 0 0.017483332376907485123 0 0 1 0.033887184160553661394
1 0 0 -0.0041796767173535986223 0 1 0 0.015318771607929276488 0 0 1 0.034650494219444230581
1 0 0 -0.00294098292312601527 0 1 0 0.012687441840133447876 0 0 1 0.035366876311406870992
1 0 0 -0.0012806862900616392681 0 1 0 0.0095673538971827853244 0 0 1 0.036028178626235009274
1 0 0 0.00084034904772365803371 0 1 0 0.0059348604116288934326 0 0 1 0.036627261329230394182
1 0 0 0.0034597376748780142054 0 1 0 0.0017625545677379000388 0 0 1 0.037156925146217399669
1 0 0 -0.0086374514664707240097 0 1 0 0.020035995219677377871 0 0 1 0.035118065486036985356
1 0 0 -0.0068814872911734728533 0 1 0 0.017507628050628519512 0 0 1 0.035545687864910802123
1 0 0 -0.0046186808391777993063 0 1 0 0.014490222196964972629 0 0 1 0.035908277036907604307
1 0 0 -0.0018125384507612549677 0 1 0 0.010961723724075674025 0 0 1 0.036199192819427780665
1 0 0 0.0014903926351672615574 0 1 0 0.0067570827746298725916 0 0 1 0.036403769311949531196
1 0 0 0.0050945115877280835667 0 1 0 0.0014928295014184625109 0 0 1 0.036495428973278197515
1 0 0 -0.017118412530672325045 0 1 0 0.017264083091941585801 0 0 1 0.03606860667523043712
1 0 0 -0.015923095669522293466 0 1 0 0.01211909693179047745 0 0 1 0.036177496305306082458
1 0 0 -0.014646458355531502896 0 1 0 0.005702333695255196698 0 0 1 0.036253865176684267613
1 0 0 -0.013083816950324312148 0 1 0 -0.0018291849251250498921 0 0 1 0.036222282640326793068
1 0 0 -0.011041419899132542959 0 1 0 -0.010286380986809111338 0 0 1 0.036019799728656161364
1 0 0 -0.0084274336706030746058 0 1 0 -0.019697642869337894656 0 0 1 0.035712378664177181486
1 0 0 -0.031432050125467070334 0 1 0 0.005022835236541517076 0 0 1 0.036648427592502287597
1 0 0 -0.030280109955436153302 0 1 0 -0.002596388210642221802 0 0 1 0.036469591902219947177
1 0 0 -0.028383111101473599419 0 1 0 -0.010708384303007637689 0 0 1 0.036154401535165456294
1 0 0 -0.025771916927536612368 0 1 0 -0.019428929334070626361 0 0 1 0.035679145646593322938
1 0 0 -0.022655518051212974323 0 1 0 -0.029167794108968077976 0 0 1 0.03507902946886985035
1 0 0 -0.061326680507904553219 0 1 0 -0.026125425704243081249 0 0 1 0.036265866350806079399
1 0 0 -0.06190266729001427104 0 1 0 -0.037452875418344765135 0 0 1 0.035654950609273559914
1 0 0 -0.062887714838143496388 0 1 0 -0.052086218276645758485 0 0 1 0.034926736046435397087
1 0 0 -0.063939121133525525509 0 1 0 -0.067225246442142200243 0 0 1 0.034185516396511295145
1 0 0 -0.064860537260664125059 0 1 0 -0.084073423381355927297 0 0 1 0.033262918277788176835
1 0 0 -0.094150326134420550539 0 1 0 -0.059837380334395624815 0 0 1 0.038054566919529006497
1 0 0 -0.097703917132345982632 0 1 0 -0.07635971040239503127 0 0 1 0.037009672468214550867
1 0 0 -0.10064857601233934137 0 1 0 -0.094568286770954135267 0 0 1 0.035690363940765086614
1 0 0 -0.10256126536418516682 0 1 0 -0.11410147562518702102 0 0 1 0.034396732938673700575
1 0 0 -0.10373370661341539678 0 1 0 -0.13437242319069489516 0 0 1 0.03321180599532397304
1 0 0 -0.10410491489621359618 0 1 0 -0.15491262151612852915 0 0 1 0.032018149147004695831
1 0 0 -0.1305524451209150727 0 1 0 -0.11017971669783220567 0 0 1 0.039125041836230785297
1 0 0 -0.13133865473288255932 0 1 0 -0.12583066944996915137 0 0 1 0.03821848733644541557
1 0 0 -0.13038487675166882118 0 1 0 -0.14113593935747650865 0 0 1 0.037120063450292735407
1 0 0 -0.12734902309649928642 0 1 0 -0.15620744674922459883 0 0 1 0.036127383924339763477
1 0 0 -0.1224183178738905281 0 1 0 -0.17129720223792321843 0 0 1 0.034759754637914017095
1 0 0 -0.17739503536181033816 0 1 0 -0.15624309943823580515 0 0 1 0.04158857330894194515
1 0 0 -0.17640776856691581242 0 1 0 -0.1704835800315246952 0 0 1 0.040019796730773250781
1 0 0 -0.17542861085050309722 0 1 0 -0.18603923071026368108 0 0 1 0.038658948877391574594
1 0 0 -0.17447370304658849083 0 1 0 -0.20314706191571346716 0 0 1 0.038011318817774482348
1 0 0 -0.17344128715932322082 0 1 0 -0.22180098633781755724 0 0 1 0.037584124810448711618
1 0 0 -0.17197685120761077582 0 1 0 -0.24187242565533359495 0 0 1 0.036813016160141029398
1 0 0 -0.21241636806328084708 0 1 0 -0.20448047209145958636 0 0 1 0.043183705263394434049
1 0 0 -0.2130701143681780485 0 1 0 -0.22199376917065713477 0 0 1 0.04223440307948315986
1 0 0 -0.21224108842829184085 0 1 0 -0.24030490483327873741 0 0 1 0.040846826459554563815
1 0 0 -0.20972793093532793307 0 1 0 -0.25932937665433469787 0 0 1 0.039279462980473016376
1 0 0 -0.20574609886883668541 0 1 0 -0.27896251306227404232 0 0 1 0.037607517699106397802
1 0 0 -0.25770464478747145964 0 1 0 -0.24285535358586213261 0 0 1 0.047015147227547668396
1 0 0 -0.25705238586022033376 0 1 0 -0.2599846035314070658 0 0 1 0.045870106718173341009
1 0 0 -0.25582366360260894167 0 1 0 -0.27798706818950114084 0 0 1 0.044332184170405693202
1 0 0 -0.25391187717562307968 0 1 0 -0.29670586757642503084 0 0 1 0.042901740444315696055
1 0 0 -0.2511314619108380719 0 1 0 -0.31639735702566318398 0 0 1 0.041734444969479110588
1 0 0 -0.24775122571901384005 0 1 0 -0.33718428186440552174 0 0 1 0.040145317493086841998
1 0 0 -0.3065022268332277533 0 1 0 -0.30460577496622393001 0 0 1 0.050178554638583901248
1 0 0 -0.3073384854032377711 0 1 0 -0.3233545317183554868 0 0 1 0.04897163422428444518
1 0 0 -0.30735145416379638927 0 1 0 -0.34334409170522228738 0 0 1 0.047996030161159851379
1 0 0 -0.30658308808243150967 0 1 0 -0.36440983773896873377 0 0 1 0.046989185413582580664
1 0 0 -0.30500581059394588079 0 1 0 -0.38641072517667479636 0 0 1 0.045360348912459109993
1 0 0 -0.35992553040947350418 0 1 0 -0.3449421038034010123 0 0 1 0.057341194255870288343
1 0 0 -0.36135644526134669263 0 1 0 -0.36419776694820699126 0 0 1 0.056643066922445466094
1 0 0 -0.36148558783972678521 0 1 0 -0.3842663410822840242 0 0 1 0.055789164732348385523
1 0 0 -0.36051096613996735929 0 1 0 -0.40504751499938734804 0 0 1 0.054349506641914097083
1 0 0 -0.35838971106422551349 0 1 0 -0.42654286615060094112 0 0 1 0.05254054817592819504
1 0 0 -0.41543800192290397666 0 1 0 -0.38872456980448932828 0 0 1 0.062504136716639485671
1 0 0 -0.41648577849676859941 0 1 0 -0.4073536192983908677 0 0 1 0.062000048374962618558
1 0 0 -0.41642545862926855227 0 1 0 -0.42686256575767550503 0 0 1 0.061160488731935004625
1 0 0 -0.41528008204709604412 0 1 0 -0.44710998029155907263 0 0 1 0.059823193169901159316
1 0 0 -0.41292627507292539724 0 1 0 -0.4681409805616453812 0 0 1 0.058290157192768692063
1 0 0 -0.40940950766473732658 0 1 0 -0.48997367324686535994 0 0 1 0.056527110031614327679
1 0 0 -0.47604371338421919146 0 1 0 -0.44613133792407821954 0 0 1 0.069444584014700300179
1 0 0 -0.47667207515107856697 0 1 0 -0.46450301138176769422 0 0 1 0.068684221330841330189
1 0 0 -0.47622325254885117252 0 1 0 -0.48357401591788651274 0 0 1 0.067978921447725118576
1 0 0 -0.47453914408269237679 0 1 0 -0.50652175346691463709 0 0 1 0.067083634638303274444
1 0 0 -0.47207485432702939177 0 1 0 -0.52744855338771734488 0 0 1 0.065840240236489253056
1 0 0 -0.46842049550602854469 0 1 0 -0.54932053689498550053 0 0 1 0.064244557333306265279
1 0 0 -0.53868639421489306063 0 1 0 -0.50095267643936891577 0 0 1 0.076300660203631742728
1 0 0 -0.53924659549680775683 0 1 0 -0.51952749578801260544 0 0 1 0.075707219327198746472
1 0 0 -0.53884660644604132074 0 1 0 -0.53890464116440850439 0 0 1 0.074655068278892497413
1 0 0 -0.53723615844541616759 0 1 0 -0.55884227673996966779 0 0 1 0.073378086287822372191
1 0 0 -0.53402140764769800985 0 1 0 -0.57961058238888152339 0 0 1 0.072299113807863107928
1 0 0 -0.5914651591653716789 0 1 0 -0.52735519660737462111 0 0 1 0.082228914323261681485
1 0 0 -0.59116072047426559966 0 1 0 -0.54447219425934711978 0 0 1 0.081712824726523941576
1 0 0 -0.58977592282101176657 0 1 0 -0.56221517117641162109 0 0 1 0.080174017797996613433
1 0 0 -0.58691505176958091994 0 1 0 -0.580584008354287473 0 0 1 0.078338749324298836973
1 0 0 -0.58236927467169996575 0 1 0 -0.59992179732223993582 0 0 1 0.077202901287094449767
1 0 0 -0.576663713154723645 0 1 0 -0.6202920051070234253 0 0 1 0.076172952995018944344
1 0 0 -0.64974343812643198248 0 1 0 -0.56628945746334069522 0 0 1 0.086468975710013828984
1 0 0 -0.64910497414154577633 0 1 0 -0.58259874741346140414 0 0 1 0.085466619538558760705
1 0 0 -0.64758812549534250369 0 1 0 -0.59970602783980153649 0 0 1 0.083992115834549185838
1 0 0 -0.64508398917018916485 0 1 0 -0.61784288593674552281 0 0 1 0.082598935638514933699
1 0 0 -0.6415601166224607077 0 1 0 -0.63692354849651455773 0 0 1 0.080995937075985416365
1 0 0 -0.70914629502694992436 0 1 0 -0.58518668222539260704 0 0 1 0.092940696944723497075
1 0 0 -0.70974565263732969367 0 1 0 -0.60079236935142987797 0 0 1 0.092699711212277463579
1 0 0 -0.70940212997945661932 0 1 0 -0.61741013786768728089 0 0 1 0.092455157830173606559
1 0 0 -0.70827896530849565604 0 1 0 -0.63480201829670079849 0 0 1 0.091632475119965792199
1 0 0 -0.70619593161842464379 0 1 0 -0.65303764909103867442 0 0 1 0.090432874121839965098
1 0 0 -0.70303752119630080752 0 1 0 -0.67235353224222371704 0 0 1 0.089380422867056497083
1 0 0 -0.7706208304015860211 0 1 0 -0.61574600562126102776 0 0 1 0.09921357991041199198
1 0 0 -0.77181228151570679952 0 1 0 -0.63113888374806459414 0 0 1 0.099117815760419419879
1 0 0 -0.77208759429764017845 0 1 0 -0.64743506531720096397 0 0 1 0.098764376467652875702
1 0 0 -0.77130621947730493293 0 1 0 -0.66486519089919315917 0 0 1 0.098631479561096302433
1 0 0 -0.76963700876788831984 0 1 0 -0.68316615626777921211 0 0 1 0.098289712438253934446
1 0 0 -0.82986472376500286519 0 1 0 -0.6303092021124250266 0 0 1 0.10683000019981683804
1 0 0 -0.83205501366195466773 0 1 0 -0.64486623551163779755 0 0 1 0.10662612219359181298
1 0 0 -0.83331696044855008143 0 1 0 -0.66049259974192875422 0 0 1 0.10641700569165790657
1 0 0 -0.83368871680689382586 0 1 0 -0.6771382491483867172 0 0 1 0.10639583900016974516
1 0 0 -0.83333455817602197779 0 1 0 -0.69462092978727962844 0 0 1 0.10611371020832768841
1 0 0 -0.83225682336088291358 0 1 0 -0.71306391735533991572 0 0 1 0.10555639109117991026
1 0 0 -0.89338847472228444246 0 1 0 -0.65215842691318148816 0 0 1 0.11530045101033169208
1 0 0 -0.89621220099364362621 0 1 0 -0.6665537660882774329 0 0 1 0.11565887004274219563
1 0 0 -0.89822671750518356948 0 1 0 -0.68190525384925226859 0 0 1 0.11563817255302921705
1 0 0 -0.89926420404033169387 0 1 0 -0.69818981083735021098 0 0 1 0.11541978979167481778
1 0 0 -0.89899984165033064443 0 1 0 -0.71541568502240648897 0 0 1 0.11525374268026963853
1 0 0 -0.94636882427303947729 0 1 0 -0.65523773785906869183 0 0 1 0.12301899921389104764
1 0 0 -0.94836737901629886149 0 1 0 -0.66828014640355060116 0 0 1 0.12318048030171538376
1 0 0 -0.94926385664525647634 0 1 0 -0.68211832490138346596 0 0 1 0.12270810626424422107
1 0 0 -0.94900676593943900095 0 1 0 -0.69696802871883023478 0 0 1 0.12219108061513575536
1 0 0 -0.94764104634287205098 0 1 0 -0.71299093770982790996 0 0 1 0.1221257795101325927
1 0 0 -0.94509592387545759973 0 1 0 -0.7298079150030841733 0 0 1 0.12180730865029960885
1 0 0 -0.98773177556448499281 0 1 0 -0.665541114474283102 0 0 1 0.1306213895858786278
1 0 0 -0.98665030448576152011 0 1 0 -0.67787754323017734848 0 0 1 0.13018476064709277873
1 0 0 -0.98388959503829909181 0 1 0 -0.69126296523079899803 0 0 1 0.12946309850297554878
1 0 0 -0.97957055668269132909 0 1 0 -0.70576905930393962763 0 0 1 0.12879339931539218744
1 0 0 -0.97389887363706584278 0 1 0 -0.72125114473741502863 0 0 1 0.12793881148910765666
1 0 0 -1.0217628438141930225 0 1 0 -0.66141278460931429706 0 0 1 0.13410433926275464045
1 0 0 -1.0187106558071843398 0 1 0 -0.67284866533085918583 0 0 1 0.13354824943516199753
1 0 0 -1.0142339911304054656 0 1 0 -0.68660133347139951088 0 0 1 0.13266230340525805853
1 0 0 -1.0091774216379412188 0 1 0 -0.70014503696466867666 0 0 1 0.13177496376006950229
1 0 0 -1.0033422359199026808 0 1 0 -0.71472208255464342308 0 0 1 0.13095465804930839226
1 0 0 -0.99688046124863360919 0 1 0 -0.73039180620317456505 0 0 1 0.13018037041711466584
1 0 0 -1.0514547766765383052 0 1 0 -0.6645828846203616358 0 0 1 0.13528966868306804838
1 0 0 -1.0488683206741178378 0 1 0 -0.67581522982935426924 0 0 1 0.13502742218922464401
1 0 0 -1.0456617943529902259 0 1 0 -0.68814574438844156035 0 0 1 0.13443749923253558998
1 0 0 -1.041802082141494834 0 1 0 -0.70166256529347914572 0 0 1 0.13378671483732046399
1 0 0 -1.0376201034942240664 0 1 0 -0.71617069727886617514 0 0 1 0.13320551625254775652
1 0 0 -1.0893811392260368542 0 1 0 -0.65405815592803839831 0 0 1 0.13723578504777689258
1 0 0 -1.0896544396426552925 0 1 0 -0.66424496628932039322 0 0 1 0.13779709608146983868
1 0 0 -1.0898564598097462142 0 1 0 -0.67514388411916992361 0 0 1 0.13820461356896851512
1 0 0 -1.0898481760278113661 0 1 0 -0.68700276613944610826 0 0 1 0.13841949789101581914
1 0 0 -1.0894957747441396112 0 1 0 -0.70005007997509538509 0 0 1 0.13854632226059207523
1 0 0 -1.0888395228674005999 0 1 0 -0.71430189897797546905 0 0 1 0.13862815681363291342
1 0 0 -1.1284308544682830622 0 1 0 -0.65068777892281959296 0 0 1 0.14334772827769928782
1 0 0 -1.1305890541917404946 0 1 0 -0.66087271826249571749 0 0 1 0.1438020748923457548
1 0 0 -1.1323476430116363733 0 1 0 -0.67208096657630844728 0 0 1 0.14404094727222052641
1 0 0 -1.1336896827811651089 0 1 0 -0.68443170037453304744 0 0 1 0.14423838756462359356
1 0 0 -1.1348823637927263341 0 1 0 -0.69774427789467219352 0 0 1 0.14442928446118727392
1 0 0 -1.1709206956940558797 0 1 0 -0.63578289839614954282 0 0 1 0.14835531619478367626
1 0 0 -1.1750363534946361987 0 1 0 -0.64479441274847104637 0 0 1 0.14948132917710232892
1 0 0 -1.1790463031597773202 0 1 0 -0.65460293267931735084 0 0 1 0.15045104973978912222
1 0 0 -1.1828287391731853173 0 1 0 -0.66534204979815259051 0 0 1 0.15096396327569397422
1 0 0 -1.1863707518083843606 0 1 0 -0.67725289645963593355 0 0 1 0.15133107305575985158
1 0 0 -1.1898192264196196799 0 1 0 -0.69038170687974409478 0 0 1 0.15208324016754812269
1 0 0 -1.225504871957926678 0 1 0 -0.62390679131835702353 0 0 1 0.15482372981341557816
1 0 0 -1.2315949566769921475 0 1 0 -0.63225342418463326144 0 0 1 0.15638394347072706592
1 0 0 -1.2376557931284812852 0 1 0 -0.64114302621940466587 0 0 1 0.1576109510568168004
1 0 0 -1.2438300804617976603 0 1 0 -0.6507875101350008018 0 0 1 0.15863649949832173136
1 0 0 -1.2501558892420996383 0 1 0 -0.66117495730361974804 0 0 1 0.15969402820611880434
1 0 0 -1.2565424313987139104 0 1 0 -0.67214833793872463819 0 0 1 0.16066522052552795197
1 0 0 -1.292935341617164724 0 1 0 -0.60511218616606443632 0 0 1 0.16541670742451924925
1 0 0 -1.3021997723292144666 0 1 0 -0.6114637255951264061 0 0 1 0.16727179304449796282
1 0 0 -1.3115462699467055341 0 1 0 -0.61866002169352196649 0 0 1 0.1696350432548264231
1 0 0 -1.3207979709184971551 0 1 0 -0.62660094388848752711 0 0 1 0.17202040725107306529
1 0 0 -1.3300022625131289189 0 1 0 -0.63547734812805445337 0 0 1 0.17401370448106442956
1 0 0 -1.3547639170720695567 0 1 0 -0.57544356445505173703 0 0 1 0.17549847822216077531
1 0 0 -1.3655089141012803911 0 1 0 -0.58082217055311446963 0 0 1 0.1774170556393084297
1 0 0 -1.3760986351503809999 0 1 0 -0.58739814784974830886 0 0 1 0.17947847106544864704
1 0 0 -1.3865976567878810499 0 1 0 -0.59510583326755706057 0 0 1 0.18156782174712760014
1 0 0 -1.3970985295432221118 0 1 0 -0.60381286972005099312 0 0 1 0.18354811006434396115
1 0 0 -1.4155476667985904538 0 1 0 -0.54446809520869077215 0 0 1 0.18454167177255656473
1 0 0 -1.4269904292358190911 0 1 0 -0.54928726155415963373 0 0 1 0.1867953165561263007
1 0 0 -1.4383417298956391317 0 1 0 -0.55491038184235130792 0 0 1 0.18893661622689619795
1 0 0 -1.4496636364073625103 0 1 0 -0.56128670896948007485 0 0 1 0.19075720471160717562
1 0 0 -1.4609629575790670231 0 1 0 -0.56864119984567151889 0 0 1 0.19258896635294664446
1 0 0 -1.4765801118369283884 0 1 0 -0.50975489727293554765 0 0 1 0.1916830288596934051
1 0 0 -1.488671426501308126 0 1 0 -0.51320411602456839084 0 0 1 0.19409739759537630865
1 0 0 -1.5007676993554517342 0 1 0 -0.5171442198849681704 0 0 1 0.19617058515705448896
1 0 0 -1.5142537212115030343 0 1 0 -0.52249404412179933921 0 0 1 0.19815707041224434048
1 0 0 -1.5264776874724623745 0 1 0 -0.52853621281679108446 0 0 1 0.20002721898753475505
1 0 0 -1.538445461325637531 0 1 0 -0.53556331146389235531 0 0 1 0.20195180407537677292
1 0 0 -1.5496719991786798154 0 1 0 -0.47510477109320381484 0 0 1 0.20242204172032166043
1 0 0 -1.5620990329381658768 0 1 0 -0.47852830234157134326 0 0 1 0.20437077420459209831
1 0 0 -1.5745621544430989935 0 1 0 -0.48299919954414938239 0 0 1 0.20610905298832707389
1 0 0 -1.5869469961230524557 0 1 0 -0.48832778646035568393 0 0 1 0.20771647451537197937
1 0 0 -1.5992681251386640096 0 1 0 -0.49452311430231699063 0 0 1 0.20935630956721690277
1 0 0 -1.6051185712132400862 0 1 0 -0.43657908646782983553 0 0 1 0.21047924842339676976
1 0 0 -1.6173934720519409503 0 1 0 -0.43899965962864057056 0 0 1 0.21250317791070616469
1 0 0 -1.629528496249595948 0 1 0 -0.44228040844092808559 0 0 1 0.21465280933330810331
1 0 0 -1.6415076248781970136 0 1 0 -0.446285955154637759 0 0 1 0.21669386645328836405
1 0 0 -1.6535112066890982341 0 1 0 -0.45108113999778126635 0 0 1 0.21856381272666050575
1 0 0 -1.6656164964920747718 0 1 0 -0.45686000754355304831 0 0 1 0.22050335685436614486
1 0 0 -1.6708522866613442215 0 1 0 -0.39517098122159161067 0 0 1 0.21933837531268970955
1 0 0 -1.6828330638110682305 0 1 0 -0.39663757927326520614 0 0 1 0.2215409091551630294
1 0 0 -1.6949401825728149795 0 1 0 -0.39872242472884122932 0 0 1 0.22366450554867109424
1 0 0 -1.7071813180661898901 0 1 0 -0.40158326684249329164 0 0 1 0.22569278185103891499
1 0 0 -1.719395156565282079 0 1 0 -0.40534119239731886131 0 0 1 0.22781807952460189637
1 0 0 -1.7315854523353853001 0 1 0 -0.41004471605225834008 0 0 1 0.23010096099800089742
1 0 0 -1.7286792512460213977 0 1 0 -0.35391175203950786532 0 0 1 0.22812579657177761705
1 0 0 -1.7403242409009380687 0 1 0 -0.3552864541464984538 0 0 1 0.23011031279566754315
1 0 0 -1.7519572164167256378 0 1 0 -0.35756337150360689714 0 0 1 0.23186517986337126795
1 0 0 -1.763607519301428006 0 1 0 -0.36085791330244471053 0 0 1 0.23365655348074115816
1 0 0 -1.7753234738275789351 0 1 0 -0.36508007658204977286 0 0 1 0.23534834820353658924
1 0 0 -1.7725917322649882291 0 1 0 -0.30828441761273700505 0 0 1 0.23563921843229523878
1 0 0 -1.783658378327467986 0 1 0 -0.30889446435786227507 0 0 1 0.23740545093573817148
1 0 0 -1.7946648140225818224 0 1 0 -0.31016973145756482344 0 0 1 0.23924960589162569402
1 0 0 -1.8056847925613195294 0 1 0 -0.31205667581050144932 0 0 1 0.24136380797693893219
1 0 0 -1.8168538807980538774 0 1 0 -0.31461489525125363453 0 0 1 0.24365289900253433997
1 0 0 -1.8281606291534002739 0 1 0 -0.31781583989543332747 0 0 1 0.24562156657088854428
1 0 0 -1.8246719186723470152 0 1 0 -0.26199273694388242051 0 0 1 0.24484857966851295008
1 0 0 -1.835372559901864431 0 1 0 -0.26173134810148540597 0 0 1 0.24680232865545720378
1 0 0 -1.8461959110403880491 0 1 0 -0.2624695556021929832 0 0 1 0.24936960421450379832
1 0 0 -1.8569334362191145527 0 1 0 -0.26387243040784436054 0 0 1 0.25200923603564656661
1 0 0 -1.867648049392914178 0 1 0 -0.26572936209515257699 0 0 1 0.25420525156414131018
1 0 0 -1.8620176148433953411 0 1 0 -0.2173264852009337833 0 0 1 0.25239145532905776781
1 0 0 -1.8722214989880074931 0 1 0 -0.21616841701260661179 0 0 1 0.25443373357853138472
1 0 0 -1.8824870517946408199 0 1 0 -0.21574801034629229046 0 0 1 0.25644993271852273287
1 0 0 -1.8928406713925476357 0 1 0 -0.21619161445834880753 0 0 1 0.25850344462985663796
1 0 0 -1.9034182308032150388 0 1 0 -0.21756642677899409866 0 0 1 0.26095202514735915678
1 0 0 -1.9140754626260665372 0 1 0 -0.21971260970764955323 0 0 1 0.26363145889465511296
1 0 0 -1.905589097295931067 0 1 0 -0.16484117245975776767 0 0 1 0.2589568699954398201
1 0 0 -1.9150997331036085924 0 1 0 -0.16334401982301433032 0 0 1 0.26098057969495541686
1 0 0 -1.9247467566365559222 0 1 0 -0.16248859731346071422 0 0 1 0.26301852726802460447
1 0 0 -1.9345498520140140819 0 1 0 -0.16235905799719477227 0 0 1 0.26541827574949788948
1 0 0 -1.9443892225156893527 0 1 0 -0.16285891869381854957 0 0 1 0.26785685124500485665
1 0 0 -1.9357556674805027619 0 1 0 -0.11431242014889936298 0 0 1 0.2636700076200600984
1 0 0 -1.9447158046759909222 0 1 0 -0.11175714746511100639 0 0 1 0.26618007799055354301
1 0 0 -1.9538115521919892092 0 1 0 -0.10975508429075465922 0 0 1 0.26895840798656567294
1 0 0 -1.9629230960828991659 0 1 0 -0.10816216961440229538 0 0 1 0.2715624076586332647
1 0 0 -1.9730309751965451337 0 1 0 -0.10695101718094446319 0 0 1 0.2740774255052099706
1 0 0 -1.9626718940168865757 0 1 0 -0.064411047520919584297 0 0 1 0.27020467028129507847
1 0 0 -1.9711236732781987069 0 1 0 -0.060802775935962095899 0 0 1 0.27273879333778977552
1 0 0 -1.979740864850856541 0 1 0 -0.057813414710636702731 0 0 1 0.27540315232069079165
1 0 0 -1.9883587168403240586 0 1 0 -0.055371165808304374789 0 0 1 0.27782911323264253278
1 0 0 -1.9971752752820550736 0 1 0 -0.053513303790165812901 0 0 1 0.28023449440730741067
1 0 0 -1.985896247843097262 0 1 0 -0.01282817705512889761 0 0 1 0.27670692153834347549
1 0 0 -1.9937694388881870289 0 1 0 -0.0086150385592424320869 0 0 1 0.27896301247178056926
1 0 0 -2.0016744562264574547 0 1 0 -0.0050390271933171701738 0 0 1 0.2811599166851095899
1 0 0 -2.0097548100551541062 0 1 0 -0.0020182888180167407426 0 0 1 0.28357929857422298214
1 0 0 -2.0180524465949019053 0 1 0 0.00047583737332930475805 0 0 1 0.28608417295373206324
1 0 0 -2.0263908072045992981 0 1 0 0.0024698981858077492801 0 0 1 0.28829583800345720546
1 0 0 -2.0167917436614635207 0 1 0 0.048998389049162031916 0 0 1 0.28644783517054683841
1 0 0 -2.0241140218019038066 0 1 0 0.05334413864177792175 0 0 1 0.28911218491456686097
1 0 0 -2.0316564182685334927 0 1 0 0.057160732493582465386 0 0 1 0.29200100996708627799
1 0 0 -2.0393100817983111916 0 1 0 0.060519864796063416179 0 0 1 0.29460920820864344716
1 0 0 -2.0471183998106159407 0 1 0 0.063405396250737031116 0 0 1 0.29704552420695240489
1 0 0 -2.0310749775535037465 0 1 0 0.10295521565045266665 0 0 1 0.29202668103822682077
1 0 0 -2.0376725803242021762 0 1 0 0.10826295391522651468 0 0 1 0.29469731374677321512
1 0 0 -2.0444134292322519997 0 1 0 0.11302236784952050808 0 0 1 0.29735253733060651449
1 0 0 -2.0512315032378669599 0 1 0 0.11723713037875899134 0 0 1 0.2998712710185555963
1 0 0 -2.0583904079355290762 0 1 0 0.12089762612201104819 0 0 1 0.30259415347397972118
1 0 0 -2.0658338599120300572 0 1 0 0.12399446831596643015 0 0 1 0.3053449136574971079
1 0 0 -2.0477581872652499406 0 1 0 0.16632831769168221481 0 0 1 0.30018856555461903568
1 0 0 -2.0537085700177102332 0 1 0 0.17178172736577088098 0 0 1 0.30262935573896726504
1 0 0 -2.0599150812865119065 0 1 0 0.176779626715790672 0 0 1 0.30532716315577768107
1 0 0 -2.066364049886536769 0 1 0 0.18136084637046831491 0 0 1 0.30810886604264470234
1 0 0 -2.0729680208342395886 0 1 0 0.18552959702926347108 0 0 1 0.31071803707674644501
1 0 0 -2.0798337713121202164 0 1 0 0.18920343390912866544 0 0 1 0.31331035973424897767
1 0 0 -2.0585126293305240353 0 1 0 0.22915845506844068069 0 0 1 0.30813216992523345672
1 0 0 -2.063939473981839523 0 1 0 0.23512947452201346521 0 0 1 0.31069394358639967901
1 0 0 -2.0696022723302891499 0 1 0 0.24057767424782722232 0 0 1 0.31314903390437354158
1 0 0 -2.0754321569606810627 0 1 0 0.24546777270150876848 0 0 1 0.31553148548082970981
1 0 0 -2.0815230879772044226 0 1 0 0.2498959521058275457 0 0 1 0.31823179824768516033
1 0 0 -2.0606480141258436412 0 1 0 0.2872461300329838263 0 0 1 0.31216576750444630095
1 0 0 -2.0652213803324643848 0 1 0 0.29384805436864502859 0 0 1 0.31478462665748724314
1 0 0 -2.0699794773476387633 0 1 0 0.30003367535805075539 0 0 1 0.31696811742651703758
1 0 0 -2.07516029123858603 0 1 0 0.30574662267196550669 0 0 1 0.31925704075415706207
1 0 0 -2.0808937579632145187 0 1 0 0.31094278656004087358 0 0 1 0.32218620435987299633
1 0 0 -2.0605672592177164404 0 1 0 0.3485518295265037092 0 0 1 0.31861910292491524288
1 0 0 -2.0642306641546981361 0 1 0 0.35571008352285848897 0 0 1 0.32087742855254014485
1 0 0 -2.0680528891290186344 0 1 0 0.36266291572686715217 0 0 1 0.32301544514760022198
1 0 0 -2.0721968342354428749 0 1 0 0.36923308266715582082 0 0 1 0.32539309067497806938
1 0 0 -2.076595200441240241 0 1 0 0.37534229674510050101 0 0 1 0.32774049643304359325
1 0 0 -2.0545238818617104215 0 1 0 0.40779398475122352608 0 0 1 0.32413119503415765976
1 0 0 -2.0574948766435499081 0 1 0 0.41571581024489134837 0 0 1 0.32662606999013510389
1 0 0 -2.0607288992747596623 0 1 0 0.42328360896727962315 0 0 1 0.3295463585912026816
1 0 0 -2.0640504108235817604 0 1 0 0.43046121247865992698 0 0 1 0.3323469113446054779
1 0 0 -2.0676056164193146181 0 1 0 0.43728730051627079378 0 0 1 0.33494674090650533582
1 0 0 -2.0715886715533970985 0 1 0 0.44387148646478935543 0 0 1 0.33769767702050484948
1 0 0 -2.0465273507857322244 0 1 0 0.47587831075940018044 0 0 1 0.33216132479728177618
1 0 0 -2.0491252659476013598 0 1 0 0.48547018845504291695 0 0 1 0.3352045240605721621
1 0 0 -2.0516035702514296979 0 1 0 0.49348172894900244057 0 0 1 0.33804473664309514502
1 0 0 -2.0543835311913123398 0 1 0 0.50134708064212252232 0 0 1 0.34126964011780513975
1 0 0 -2.0572917378605337646 0 1 0 0.50905921883741278577 0 0 1 0.34447292101791365804
1 0 0 -2.034804194353726281 0 1 0 0.53321743664187071232 0 0 1 0.33864327997968896033
1 0 0 -2.0360727139127412499 0 1 0 0.54214504261134655039 0 0 1 0.34112557557546224762
1 0 0 -2.0379099035639152149 0 1 0 0.5508653438989274953 0 0 1 0.34380602036138391275
1 0 0 -2.0402837866292689029 0 1 0 0.55928178189953980937 0 0 1 0.34675397463248391894
1 0 0 -2.0429052596819525789 0 1 0 0.56730987673950394878 0 0 1 0.34963085462249238189
1 0 0 -2.0457830280294513337 0 1 0 0.57507927564945005017 0 0 1 0.35237470381558005927
1 0 0 -2.017673069295791155 0 1 0 0.59842445425604606779 0 0 1 0.34754519187860688501
1 0 0 -2.0188874733105435233 0 1 0 0.60738657657797712197 0 0 1 0.35008470529907514956
1 0 0 -2.0204130772796564663 0 1 0 0.61599101538159262148 0 0 1 0.35265003238198966429
1 0 0 -2.0221571032788321354 0 1 0 0.62430310543988110084 0 0 1 0.35529099860351881501
1 0 0 -2.0242931899074485536 0 1 0 0.6324915049802113387 0 0 1 0.35810350531002244079
1 0 0 -1.996247841033938375 0 1 0 0.6573725689090290647 0 0 1 0.35531446705327729418
1 0 0 -1.9964998739011126094 0 1 0 0.66632641528275682319 0 0 1 0.35758795291611444878
1 0 0 -1.9971306299367677095 0 1 0 0.67506430629812652633 0 0 1 0.36016236395908324264
1 0 0 -1.9981997549639201051 0 1 0 0.68364182337565648773 0 0 1 0.36299551062652890554
1 0 0 -1.9995667043598088775 0 1 0 0.6919497348635342826 0 0 1 0.36574372834667762122
1 0 0 -1.9717316709090215721 0 1 0 0.71048666554169659371 0 0 1 0.36124046585739177928
