1648858964.9607393742 -0.0022546463316486763107 -0.0030498988220023629837 -0.0021360288939365475007 -0.43428223549399075365 -0.22120248992060245752 0.7772917734683580937 -0.3978516020901292638
1648858964.9807779789 -0.0062303662098783700943 -0.0084934508683326068179 -0.0059341390359278082048 -0.43214444794561873708 -0.22538548767763763592 0.77607860369772563303 -0.40019315203621158572
1648858965.000818491 -0.012143778394068990151 -0.016694714455684267485 -0.011630186969459475194 -0.42998850111822267683 -0.22955109020637298745 0.77484402696007259603 -0.40253312879248592804
1648858965.02085495 -0.019953907731063490888 -0.027678183178499810718 -0.019221689700950023855 -0.42781404389235139218 -0.23372466207183634213 0.77358331059537910335 -0.40486638259575513654
1648858965.0408937931 -0.029626579890029092201 -0.041472251079112384953 -0.028714063262091641532 -0.42562502668806967421 -0.2378924694617582658 0.77230079136570262133 -0.40718791397348214067
1648858965.050909996 -0.0034506804118886614391 -0.0039213630889823906586 0.016205357947027165116 -0.20482254701403371233 -0.12604895316654873838 0.86025453507580340595 -0.44957927056506313823
1648858965.0709488392 -0.0074390832501342743846 -0.0098850783448816651605 0.017447430247784133373 -0.20238971528794286181 -0.13069457719005195262 0.85955473863082043628 -0.45069167058653414326
1648858965.0909831524 -0.012344288385926717802 -0.017473053902271492438 0.018220069134800155608 -0.19995640155524432857 -0.13532283498734706817 0.85882663643297307843 -0.45179860154862266919
1648858965.1110198498 -0.01812719349937219615 -0.026711858936122417213 0.018519073132960302969 -0.19752469323750837527 -0.13993949530301771911 0.85807543462700330839 -0.45288793504071667151
1648858965.1310584545 -0.024750294283827800612 -0.03762943480520586359 0.018341170853236832272 -0.19508016314105536271 -0.14457119892463241029 0.85729645010060284704 -0.45396662326128994769
1648858965.1645219326 0.00055275065806117268385 0.0053731106154919910933 0.027434978371995683011 -0.069442778626259277219 -0.070159085398118201105 0.8807479096268772123 -0.46318303393005438862
1648858965.1611130238 -0.0011883916546888432988 0.002222581814779705893 0.029664924037343384094 -0.066933908748323125981 -0.074907068731707909803 0.88035133359800799013 -0.46356263044587980859
1648858965.1811466217 -0.0031323717750355939762 -0.0017158879698517812747 0.031809372556546276767 -0.064436587556477770145 -0.079642474592889200835 0.87992508205448272118 -0.46393625897983992168
1648858965.201182127 -0.0052415408589312371609 -0.0064657480619037437444 0.033866476429925719549 -0.061941852261605999386 -0.084374629819344154624 0.87947055960210474002 -0.46430126380875913483
1648858965.2212264538 -0.0074772015822619393444 -0.012054961483286035645 0.035831705448018703886 -0.059431717538410720747 -0.089108239775767150714 0.87899295499311802526 -0.4646493060653004159
1648858965.2412605286 -0.0098021876469364319084 -0.018504825734955515637 0.037696623732427173015 -0.056919699501636528138 -0.093842449928713628227 0.87848987707624226484 -0.46498309461160952649
1648858965.2512803078 -0.00027795853082032733394 0.0092072305422785036266 0.032124143769783848612 -0.019690623920476733877 -0.062376641570358638822 0.88255635960020395459 -0.46563473457771659136
1648858965.2713143826 -0.00090429153380084618258 0.0066103048647621186901 0.033773797908046639116 -0.017177004311669637204 -0.067125344056923566538 0.88219858092780623071 -0.46575186796950301948
1648858965.2913501263 -0.0014151667149864173307 0.0034598122058261994438 0.035382590247084969026 -0.01466270139390802793 -0.071869686527570073031 0.88181237483475127803 -0.4658612335605504251
1648858965.3113873005 -0.001770849872764247929 -0.00026932007900369266985 0.036944170197628592445 -0.012151188802167842834 -0.076604870286596862816 0.88140365384698882156 -0.4659524025522831514
1648858965.3314208984 -0.0019351162776473870321 -0.0046024239254359002385 0.038453885568890441848 -0.0096426646544148456736 -0.081354210462727033493 0.88096930361070024951 -0.46602746437739778207
1648858965.3622457981 -0.0021804962217194141794 0.01401013241149108926 0.033178633047196058603 0.0024354202746751560903 -0.062630601541534297594 0.88249050286952801514 -0.46613516153978212797
1648858965.3614747524 -0.0020356476178959655339 0.01187411477381941291 0.034334936179677089108 0.0049564832828794935099 -0.067375805526939586132 0.88212749285719871395 -0.46614055868218079448
1648858965.3815107346 -0.0016217715156445601868 0.0092637480984777993004 0.03545131031094739954 0.0074727609928785529783 -0.072121247727748971634 0.88173906176392802259 -0.46613185948720997631
1648858965.4015481472 -0.00090031664729023732404 0.0061558205586180990421 0.036522512975386112188 0.0099917905956624329666 -0.076863419312817135576 0.88132757736587119535 -0.46610500991368775114
1648858965.4215815067 0.00016771083472277267855 0.002524837050799516331 0.037541945869633719379 0.012507736457174156372 -0.081606700019632216758 0.88088832070325051582 -0.4660683098959110815
1648858965.4621841908 -0.0050323132156385305333 0.017483332376907485123 0.033887184160553661394 0.01611845644062329802 -0.068600987828480758379 0.88188072453687604835 -0.46617645534844753819
1648858965.4516406059 -0.0041796767173535986223 0.015318771607929276488 0.034650494219444230581 0.018645694432328652895 -0.073349797256139936952 0.88148792693768140971 -0.46610211325923883718
1648858965.471675396 -0.00294098292312601527 0.012687441840133447876 0.035366876311406870992 0.021168022735466484469 -0.078096196138962778455 0.88106794729712045733 -0.46601735075824590737
1648858965.4917123318 -0.0012806862900616392681 0.0095673538971827853244 0.036028178626235009274 0.023677702636818086235 -0.082831476484967719864 0.88062141516963554633 -0.46592299368650086366
1648858965.5117454529 0.00084034904772365803371 0.0059348604116288934326 0.036627261329230394182 0.026192109636802594907 -0.087565228016147841905 0.8801492743296616128 -0.46581494086409913624
1648858965.5317809582 0.0034597376748780142054 0.0017625545677379000388 0.037156925146217399669 0.028711333134630336733 -0.092298203729446873234 0.87965249183154348156 -0.46569109348634324386
1648858965.5605223179 -0.0086374514664707240097 0.020035995219677377871 0.035118065486036985356 0.028157635215535683354 -0.078564412170810449254 0.88087027411245388819 -0.4659424223059903114
1648858965.5598392487 -0.0068814872911734728533 0.017507628050628519512 0.035545687864910802123 0.03066494052843148771 -0.083282889092228265526 0.8804277966843249148 -0.46580094099564101073
1648858965.5798799992 -0.0046186808391777993063 0.014490222196964972629 0.035908277036907604307 0.033185629260610499669 -0.088000039793110051978 0.87995955037644080221 -0.46564567721420990765
1648858965.5999162197 -0.0018125384507612549677 0.010961723724075674025 0.036199192819427780665 0.035703275174436437112 -0.092731259576286889645 0.87946297024265740472 -0.46547940191932907217
1648858965.6199553013 0.0014903926351672615574 0.0067570827746298725916 0.036403769311949531196 0.038349450249341172914 -0.097386205993864369268 0.87898465857114649324 -0.46522168537618591166
1648858965.639995575 0.0050945115877280835667 0.0014928295014184625109 0.036495428973278197515 0.041252317713088196283 -0.10190995278548589664 0.87865233944274545586 -0.46463176193449012841
1648858965.6711890697 -0.017118412530672325045 0.017264083091941585801 0.03606860667523043712 0.036375520199748996586 -0.090046293591375184406 0.8799765201180883567 -0.46498366700510357363
1648858965.6700596809 -0.015923095669522293466 0.01211909693179047745 0.036177496305306082458 0.039195554222116193999 -0.094577554366204075187 0.87966127229555213241 -0.46445111773220992823
1648858965.6900963783 -0.014646458355531502896 0.005702333695255196698 0.036253865176684267613 0.041700588219769588183 -0.09928131084895447378 0.87916068230662369754 -0.46419907038294533352
1648858965.7101345062 -0.013083816950324312148 -0.0018291849251250498921 0.036222282640326793068 0.043792835063420743058 -0.10421586946106946303 0.87850676585000020413 -0.4641627974163312631
1648858965.7301752567 -0.011041419899132542959 -0.010286380986809111338 0.036019799728656161364 0.045807873477206745294 -0.10918149865354109807 0.87780095729881579825 -0.46416216826077688618
1648858965.7502110004 -0.0084274336706030746058 -0.019697642869337894656 0.035712378664177181486 0.048376573174232516406 -0.11385243645665885093 0.87710909943187875815 -0.46408723056619344272
1648858965.7602319717 -0.031432050125467070334 0.005022835236541517076 0.036648427592502287597 0.046665776132588432379 -0.10106306690790124725 0.87861547861145339322 -0.4643742053446540119
1648858965.780267477 -0.030280109955436153302 -0.002596388210642221802 0.036469591902219947177 0.049358509766934469121 -0.10566719172663771587 0.87802113696033790013 -0.46419507231019685456
1648858965.8003053665 -0.028383111101473599419 -0.010708384303007637689 0.036154401535165456294 0.051742490668776577878 -0.11041492910913318359 0.87740229899960098248 -0.46400049978360069503
1648858965.8203451633 -0.025771916927536612368 -0.019428929334070626361 0.035679145646593322938 0.054255148110629522473 -0.11510282163635297825 0.8767997798202709081 -0.46371312841234946234
1648858965.8403806686 -0.022655518051212974323 -0.029167794108968077976 0.03507902946886985035 0.057334275040462748252 -0.11945067459160746415 0.87637789635723806203 -0.46304006308488759869
1648858965.8504016399 -0.061326680507904553219 -0.026125425704243081249 0.036265866350806079399 0.047903550646779598232 -0.11228644331991426142 0.87740511427357015251 -0.46395826313212529257
1648858965.8704435825 -0.06190266729001427104 -0.037452875418344765135 0.035654950609273559914 0.051863574194766080827 -0.11619075747729824821 0.87714698644971844654 -0.46305835670115363945
1648858965.8924834728 -0.062887714838143496388 -0.052086218276645758485 0.034926736046435397087 0.05553618122338427332 -0.12082790498178544447 0.87707934562400791112 -0.46157141531143180968
1648858965.9125189781 -0.063939121133525525509 -0.067225246442142200243 0.034185516396511295145 0.057309766698094996573 -0.1258047022421557859 0.87723499874672872245 -0.45972548820856040663
1648858965.9325568676 -0.064860537260664125059 -0.084073423381355927297 0.033262918277788176835 0.058767955819101970472 -0.13092522804614015186 0.87709739443010925619 -0.45837219888843988569
1648858965.9682071209 -0.094150326134420550539 -0.059837380334395624815 0.038054566919529006497 0.056492074805259522019 -0.11927682922994400916 0.87884366074439745908 -0.45849264275714851635
1648858965.9626133442 -0.097703917132345982632 -0.07635971040239503127 0.037009672468214550867 0.059265302417900442289 -0.12378877681955242906 0.87815321043388117062 -0.45826946403562768273
1648858965.9826519489 -0.10064857601233934137 -0.094568286770954135267 0.035690363940765086614 0.061560159811570924759 -0.12854905367905206104 0.87749478064791819332 -0.45791745703549668889
1648858966.0026865005 -0.10256126536418516682 -0.11410147562518702102 0.034396732938673700575 0.062870048025573846417 -0.13373158861349151993 0.87704934833909320435 -0.45710793019389384106
1648858966.0227234364 -0.10373370661341539678 -0.13437242319069489516 0.03321180599532397304 0.064337936883985188952 -0.13884716170193181495 0.87659974475100554958 -0.45624004982826932286
1648858966.0427627563 -0.10410491489621359618 -0.15491262151612852915 0.032018149147004695831 0.066295838462764641874 -0.14370892239475424601 0.8761126343116841797 -0.45538912967493921924
1648858966.0527789593 -0.1305524451209150727 -0.11017971669783220567 0.039125041836230785297 0.067777958068558935567 -0.12867156528715037456 0.8786540144157668486 -0.45477126078685820021
1648858966.0728240013 -0.13133865473288255932 -0.12583066944996915137 0.03821848733644541557 0.07009940038496663417 -0.13326209465203922577 0.8785282644800722629 -0.45333803800723687649
1648858966.0928587914 -0.13038487675166882118 -0.14113593935747650865 0.037120063450292735407 0.072574080326462439561 -0.13780070622289028459 0.87849559813779876105 -0.45165191495415168976
1648858966.1128954887 -0.12734902309649928642 -0.15620744674922459883 0.036127383924339763477 0.075144933447375980573 -0.14226945045998093398 0.87851997905500212038 -0.44979471855970365457
1648858966.1329338551 -0.1224183178738905281 -0.17129720223792321843 0.034759754637914017095 0.078257671710040971336 -0.14645844489519893594 0.87844778828057479281 -0.4480570767239036023
1648858966.1653795242 -0.17739503536181033816 -0.15624309943823580515 0.04158857330894194515 0.06885475827474325794 -0.13558816702643983199 0.88060655469457682631 -0.44878387566208782777
1648858966.1629889011 -0.17640776856691581242 -0.1704835800315246952 0.040019796730773250781 0.073453617268395207662 -0.13902937635405662742 0.88045301854546897946 -0.44730066035605453578
1648858966.1830236912 -0.17542861085050309722 -0.18603923071026368108 0.038658948877391574594 0.077346795548535560161 -0.14279201225299861799 0.88047498107841581927 -0.44541185676862682374
1648858966.2030599117 -0.17447370304658849083 -0.20314706191571346716 0.038011318817774482348 0.079783371551538473376 -0.14721119223437612034 0.88080783610303603481 -0.44287812585889807515
1648858966.2230985165 -0.17344128715932322082 -0.22180098633781755724 0.037584124810448711618 0.081357586677561530286 -0.15199598229883726219 0.88134933101847012793 -0.43988807800201851217
1648858966.2431330681 -0.17197685120761077582 -0.24187242565533359495 0.036813016160141029398 0.083142922991272849575 -0.1566723527344921485 0.88180914054428061188 -0.4369824571966973159
1648858966.2531533241 -0.21241636806328084708 -0.20448047209145958636 0.043183705263394434049 0.08021652791943231775 -0.14368574216719645631 0.88472725293641152344 -0.4360933432855902403
1648858966.2731873989 -0.2130701143681780485 -0.22199376917065713477 0.04223440307948315986 0.0825716941853271158 -0.14809476459498843726 0.88501842644570993812 -0.43358072013234100206
1648858966.2932291031 -0.21224108842829184085 -0.24030490483327873741 0.040846826459554563815 0.084939171776463984198 -0.15249487935828362484 0.88528579724594047562 -0.43104490028539982349
1648858966.3132667542 -0.20972793093532793307 -0.25932937665433469787 0.039279462980473016376 0.087233337996912130308 -0.15689826805554096811 0.8855392804173951582 -0.42847807535617310482
1648858966.3333001137 -0.20574609886883668541 -0.27896251306227404232 0.037607517699106397802 0.089672245546868922794 -0.16123528409588872012 0.88580599861066000589 -0.42580489002179350289
1648858966.363212347 -0.25770464478747145964 -0.24285535358586213261 0.047015147227547668396 0.083818868047551897682 -0.14717768030735378648 0.88920924581239979556 -0.42499417047803933478
1648858966.3633539677 -0.25705238586022033376 -0.2599846035314070658 0.045870106718173341009 0.08691919925493528376 -0.15106415749465368359 0.89013431012819621557 -0.42105294566587647687
1648858966.3833897114 -0.25582366360260894167 -0.27798706818950114084 0.044332184170405693202 0.090103832845404685514 -0.15486208516018218351 0.89136083544938549128 -0.41638311074463785211
1648858966.4034273624 -0.25391187717562307968 -0.29670586757642503084 0.042901740444315696055 0.092790792531374829966 -0.15886761637866092522 0.89262796796985877101 -0.41154132245202679208
1648858966.423460722 -0.2511314619108380719 -0.31639735702566318398 0.041734444969479110588 0.095348511445295380806 -0.16289233828657070924 0.89382267984270658001 -0.40676254066900319195
1648858966.4434962273 -0.24775122571901384005 -0.33718428186440552174 0.040145317493086841998 0.098234640541904144628 -0.16678699005569630476 0.89485436432575493626 -0.40220358276986167834
1648858966.4535140991 -0.3065022268332277533 -0.30460577496622393001 0.050178554638583901248 0.090943238087737771069 -0.15394241025416444124 0.89853223178560825968 -0.40083773551604290342
1648858966.4735496044 -0.3073384854032377711 -0.3233545317183554868 0.04897163422428444518 0.093742058111524959041 -0.15783726575062059783 0.89946909972715427539 -0.39655411070547003094
1648858966.4935870171 -0.30735145416379638927 -0.34334409170522228738 0.047996030161159851379 0.096394418811295748406 -0.1617741456587145632 0.90037254669876887192 -0.39225822995776493674
1648858966.5136260986 -0.30658308808243150967 -0.36440983773896873377 0.046989185413582580664 0.098573801061870816587 -0.16589684326835080208 0.90139443689817511096 -0.38762031972902677435
1648858966.5336608887 -0.30500581059394588079 -0.38641072517667479636 0.045360348912459109993 0.10049939370193676502 -0.17010372988138319772 0.9025306435832164409 -0.38262648933293907927
1648858966.5622167587 -0.35992553040947350418 -0.3449421038034010123 0.057341194255870288343 0.093886611791274679484 -0.15570197180462386211 0.9064159516136773842 -0.38125099706463494442
1648858966.561719656 -0.36135644526134669263 -0.36419776694820699126 0.056643066922445466094 0.096169645063933856255 -0.1596514061369624371 0.90747559391460497213 -0.37649817308468130905
1648858966.5817604065 -0.36148558783972678521 -0.3842663410822840242 0.055789164732348385523 0.098656845236248583153 -0.1635344403752384268 0.9083785601039593427 -0.37198347442143964159
1648858966.6017973423 -0.36051096613996735929 -0.40504751499938734804 0.054349506641914097083 0.10118130540809329443 -0.1673906836603279713 0.90928891622946306228 -0.36733686077208543841
1648858966.6218366623 -0.35838971106422551349 -0.42654286615060094112 0.05254054817592819504 0.10350387068087515963 -0.17132190691430584928 0.91018645778695950188 -0.36262427528579777025
1648858966.6611466408 -0.41543800192290397666 -0.38872456980448932828 0.062504136716639485671 0.096104489003349446996 -0.15762958551175140776 0.91411955903098962573 -0.36097406106504037471
1648858966.6518945694 -0.41648577849676859941 -0.4073536192983908677 0.062000048374962618558 0.097993778131727604652 -0.16162965386888561437 0.91504368036854422108 -0.35632588659159081246
1648858966.6719355583 -0.41642545862926855227 -0.42686256575767550503 0.061160488731935004625 0.10027908627038054079 -0.16544724545443520447 0.91595946634483860205 -0.35155308253746803127
1648858966.6919720173 -0.41528008204709604412 -0.44710998029155907263 0.059823193169901159316 0.10288098192672597009 -0.16916414628078016436 0.91682972632000692137 -0.34673080063194366973
1648858966.7120103836 -0.41292627507292539724 -0.4681409805616453812 0.058290157192768692063 0.10540887286277944579 -0.17290058574382791146 0.91765122558186940083 -0.34192189920994031649
1648858966.7320570946 -0.40940950766473732658 -0.48997367324686535994 0.056527110031614327679 0.10772166947254795122 -0.17668208535029117368 0.91846843581982284821 -0.33703889248127977263
1648858966.7706329823 -0.47604371338421919146 -0.44613133792407821954 0.069444584014700300179 0.098514507519069691166 -0.1611546514597325952 0.92297757016663117824 -0.3353154859091194151
1648858966.7621147633 -0.47667207515107856697 -0.46450301138176769422 0.068684221330841330189 0.10079513796596818731 -0.16485217787802114442 0.92380594093815260326 -0.33052486003123776603
1648858966.7821507454 -0.47622325254885117252 -0.48357401591788651274 0.067978921447725118576 0.10283735804501446809 -0.16864638564814735111 0.92454239482892519586 -0.32588991172193981782
1648858966.8051915169 -0.47453914408269237679 -0.50652175346691463709 0.067083634638303274444 0.1049336136266674907 -0.17308145177360176326 0.92539358436330321211 -0.32043480117245354277
1648858966.8252260685 -0.47207485432702939177 -0.52744855338771734488 0.065840240236489253056 0.10688571163776966477 -0.17687222297389298964 0.92617563524610613257 -0.31542091570539976253
1648858966.8452620506 -0.46842049550602854469 -0.54932053689498550053 0.064244557333306265279 0.10893784413332824323 -0.18061575949993360912 0.92690373587174235137 -0.31041900386872584017
1648858966.8552803993 -0.53868639421489306063 -0.50095267643936891577 0.076300660203631742728 0.099349754554770838832 -0.16495719808076927948 0.9314936684352141949 -0.30860702314813931446
1648858966.875316143 -0.53924659549680775683 -0.51952749578801260544 0.075707219327198746472 0.10148026601024340287 -0.16856621930982082502 0.93229013122843351624 -0.30351655067253541231
1648858966.8953535557 -0.53884660644604132074 -0.53890464116440850439 0.074655068278892497413 0.10354501827777572165 -0.17217791346543664943 0.93308615814760942353 -0.2983008829653008287
1648858966.915387392 -0.53723615844541616759 -0.55884227673996966779 0.073378086287822372191 0.10487959791728847236 -0.1760197146842766569 0.93385216026289596947 -0.29315093852057888535
1648858966.9354228973 -0.53402140764769800985 -0.57961058238888152339 0.072299113807863107928 0.10571037776541400421 -0.18001239351049211357 0.93456688035094770406 -0.28810692523161351986
1648858966.9454464912 -0.5914651591653716789 -0.52735519660737462111 0.082228914323261681485 0.098297826938382681927 -0.16472413095851348719 0.9388375808488546026 -0.28598513018166632493
1648858966.9654819965 -0.59116072047426559966 -0.54447219425934711978 0.081712824726523941576 0.10034399635396089312 -0.16819590022276031949 0.93964081306511060276 -0.28056436688629826648
1648858966.9855194092 -0.58977592282101176657 -0.56221517117641162109 0.080174017797996613433 0.10318435044665820455 -0.17143933293443447408 0.94048098658453094245 -0.27469448268737517438
1648858967.0055530071 -0.58691505176958091994 -0.580584008354287473 0.078338749324298836973 0.10561651496873186717 -0.17479429552298872408 0.94128825035804242205 -0.26882807843745987197
1648858967.0255880356 -0.58236927467169996575 -0.59992179732223993582 0.077202901287094449767 0.10749831880716351207 -0.17822709535698849637 0.94204428033106768492 -0.26311934142089421496
1648858967.045624733 -0.576663713154723645 -0.6202920051070234253 0.076172952995018944344 0.109808377774254326 -0.18149350570793895687 0.94281161455808126792 -0.25711570743696837704
1648858967.0556402206 -0.64974343812643198248 -0.56628945746334069522 0.086468975710013828984 0.099203246398579580934 -0.16496877940601875623 0.9477563636445991424 -0.25436566768421609019
1648858967.0756778717 -0.64910497414154577633 -0.58259874741346140414 0.085466619538558760705 0.10176604491067310632 -0.16806599681444966965 0.94872765467135267148 -0.24761528644209068739
1648858967.0957114697 -0.64758812549534250369 -0.59970602783980153649 0.083992115834549185838 0.10398626568507698953 -0.17121807446391862362 0.9497227851197117543 -0.24061973931952962413
1648858967.1157462597 -0.64508398917018916485 -0.61784288593674552281 0.082598935638514933699 0.10597882479807158029 -0.17440178493696836814 0.95066244558269508147 -0.23365235000733119985
1648858967.1357829571 -0.6415601166224607077 -0.63692354849651455773 0.080995937075985416365 0.1077485587857342636 -0.17763702361303551625 0.95155063041032317273 -0.2266864214883980988
1648858967.1666476727 -0.70914629502694992436 -0.58518668222539260704 0.092940696944723497075 0.096996256996013510698 -0.16199208932401959471 0.95623395216356954496 -0.22353281158443452648
1648858967.1658346653 -0.70974565263732969367 -0.60079236935142987797 0.092699711212277463579 0.098742850295340481304 -0.16517193929065607239 0.95704587568803090036 -0.21686694495714575748
1648858967.1858670712 -0.70940212997945661932 -0.61741013786768728089 0.092455157830173606559 0.1006992736067524874 -0.16828030671604066182 0.95777288746770694594 -0.21026766441466687718
1648858967.2059018612 -0.70827896530849565604 -0.63480201829670079849 0.091632475119965792199 0.10273706395241762046 -0.17136545820805462736 0.9584693227446964281 -0.20350806564090515027
1648858967.2259383202 -0.70619593161842464379 -0.65303764909103867442 0.090432874121839965098 0.10473810314193263138 -0.17447883019536031268 0.95908484211247391205 -0.19683326241766052611
1648858967.245970726 -0.70303752119630080752 -0.67235353224222371704 0.089380422867056497083 0.10668700777279566116 -0.17757744850296944272 0.95960868511192642938 -0.19035572913212309154
1648858967.2559900284 -0.7706208304015860211 -0.61574600562126102776 0.09921357991041199198 0.096289494211981754845 -0.16180136154131685711 0.96409348202632316749 -0.18727629487507674311
1648858967.2760224342 -0.77181228151570679952 -0.63113888374806459414 0.099117815760419419879 0.097987597655805683261 -0.16485784175375911564 0.96465444515860809815 -0.18072665590242803502
1648858967.2960574627 -0.77208759429764017845 -0.64743506531720096397 0.098764376467652875702 0.099734528358038893048 -0.16791558507478784867 0.96513860675833484937 -0.17425512872444059997
1648858967.3160936832 -0.77130621947730493293 -0.66486519089919315917 0.098631479561096302433 0.10171309231996752964 -0.17090055314911778428 0.96552400503166102563 -0.16796083916096721245
1648858967.3361253738 -0.76963700876788831984 -0.68316615626777921211 0.098289712438253934446 0.1035863552094864054 -0.17388993930364748941 0.96589253708680988808 -0.16150468359584363442
1648858967.3461441994 -0.82986472376500286519 -0.6303092021124250266 0.10683000019981683804 0.094096318393528888269 -0.15960482222805405517 0.96987501393177721898 -0.15816017494037504232
1648858967.3661823273 -0.83205501366195466773 -0.64486623551163779755 0.10662612219359181298 0.095594423105079789904 -0.16256879774698354546 0.97031353348366145006 -0.15140917742580425887
1648858967.3862168789 -0.83331696044855008143 -0.66049259974192875422 0.10641700569165790657 0.097302053469211904901 -0.16550343619951504714 0.97065047124304537629 -0.14483986216674474279
1648858967.4062530994 -0.83368871680689382586 -0.6771382491483867172 0.10639583900016974516 0.099008379683166850005 -0.16843978681426019506 0.97092794782814706434 -0.13829063271495747878
1648858967.4262850285 -0.83333455817602197779 -0.69462092978727962844 0.10611371020832768841 0.10038453063251329134 -0.17139217083342694892 0.97121911126987270357 -0.13145762697863475066
1648858967.4463186264 -0.83225682336088291358 -0.71306391735533991572 0.10555639109117991026 0.10160631125442426415 -0.174337764856169114 0.97147729106964397783 -0.1245567107554239189
1648858967.4563353062 -0.89338847472228444246 -0.65215842691318148816 0.11530045101033169208 0.091710392624537923068 -0.15861973557448633132 0.97558247665639108437 -0.12111075349412758762
1648858967.476369381 -0.89621220099364362621 -0.6665537660882774329 0.11565887004274219563 0.093101943424868133237 -0.16147725892778899692 0.97579992909672630397 -0.11433119152053111689
1648858967.4964046478 -0.89822671750518356948 -0.68190525384925226859 0.11563817255302921705 0.094830240427764597722 -0.16430319561758727209 0.97593073867268942401 -0.10756801905789628582
1648858967.5164365768 -0.89926420404033169387 -0.69818981083735021098 0.11541978979167481778 0.096448315649711735542 -0.16715557765013436264 0.97599922513231185395 -0.10090712467368323502
1648858967.5364701748 -0.89899984165033064443 -0.71541568502240648897 0.11525374268026963853 0.097540617339755719684 -0.17004687810205690313 0.97602879333256165051 -0.094539313528855542512
1648858967.5444889069 -0.94636882427303947729 -0.65523773785906869183 0.12301899921389104764 0.089859868154785096928 -0.15523557462483969505 0.9794686696392596037 -0.092023071352782620513
1648858967.5645265579 -0.94836737901629886149 -0.66828014640355060116 0.12318048030171538376 0.091199718103517665724 -0.15807137979853921883 0.97943927140133579812 -0.085992813323237549117
1648858967.5845718384 -0.94926385664525647634 -0.68211832490138346596 0.12270810626424422107 0.092814514062620673274 -0.1609139066323334033 0.9793362443802651196 -0.079954368703642933469
1648858967.6046073437 -0.94900676593943900095 -0.69696802871883023478 0.12219108061513575536 0.094295547201094426226 -0.16374971206100694121 0.97920298309347475474 -0.07386406080648014183
1648858967.6246440411 -0.94764104634287205098 -0.71299093770982790996 0.1221257795101325927 0.09552854022538219414 -0.16657193860527724771 0.9790434200182311919 -0.0678385509182838492
1648858967.6446826458 -0.94509592387545759973 -0.7298079150030841733 0.12180730865029960885 0.096149294880125510399 -0.16940404104522527318 0.97889601354272892664 -0.061807593722423129212
1648858967.6546993256 -0.98773177556448499281 -0.665541114474283102 0.1306213895858786278 0.088864415783435443674 -0.15415687234792843641 0.98229269757716786149 -0.058650069070237481617
1648858967.6747386456 -0.98665030448576152011 -0.67787754323017734848 0.13018476064709277873 0.089779416478616091979 -0.1569638842737285378 0.98209409996645902208 -0.052850489321609621374
1648858967.6947731972 -0.98388959503829909181 -0.69126296523079899803 0.12946309850297554878 0.090956086373382122323 -0.15982504192247104502 0.98179620067887340973 -0.047530691754358478374
1648858967.7148098946 -0.97957055668269132909 -0.70576905930393962763 0.12879339931539218744 0.092063694433093909431 -0.16266377521880240331 0.98145874763222917814 -0.042467624080858065727
1648858967.7348489761 -0.97389887363706584278 -0.72125114473741502863 0.12793881148910765666 0.093078271690314212661 -0.16549882807570490129 0.98109050038804501703 -0.037523369958572180827
1648858967.7448651791 -1.0217628438141930225 -0.66141278460931429706 0.13410433926275464045 0.084074616597614310054 -0.15157523086847471405 0.98425361591305660092 -0.034658733289113910492
1648858967.7649040222 -1.0187106558071843398 -0.67284866533085918583 0.13354824943516199753 0.085141299165230263646 -0.1543540434005955253 0.98390107507625512717 -0.029401750392335470469
1648858967.7869400978 -1.0142339911304054656 -0.68660133347139951088 0.13266230340525805853 0.086643545838407623472 -0.15736320279568119518 0.98345518928178787821 -0.023358275731652233115
1648858967.8069844246 -1.0091774216379412188 -0.70014503696466867666 0.13177496376006950229 0.087919494222852487275 -0.16006551862073714609 0.98302586877433117962 -0.017587882326869003213
1648858967.8270192146 -1.0033422359199026808 -0.71472208255464342308 0.13095465804930839226 0.088915207582361266425 -0.16271640444644022705 0.98259020045685441236 -0.011573916829107041768
1648858967.8470556736 -0.99688046124863360919 -0.73039180620317456505 0.13018037041711466584 0.08991969716132122703 -0.16530624416412553757 0.98211996082123986795 -0.0053550218723083763128
1648858967.8570740223 -1.0514547766765383052 -0.6645828846203616358 0.13528966868306804838 0.079104236064723901234 -0.15039347576967976305 0.98545506230794432945 -0.0016255627262329876929
1648858967.8771104813 -1.0488683206741178378 -0.67581522982935426924 0.13502742218922464401 0.079999100809630935283 -0.152942882330719232 0.98497983002189393176 0.0048325008084287891796
1648858967.8971488476 -1.0456617943529902259 -0.68814574438844156035 0.13443749923253558998 0.081105971958435219005 -0.15549612955069597175 0.98443667990117666999 0.011278221161986377169
1648858967.9171831608 -1.041802082141494834 -0.70166256529347914572 0.13378671483732046399 0.082584712813282834531 -0.15806893808816180336 0.98381320131218885638 0.017480301630435682997
1648858967.9372191429 -1.0376201034942240664 -0.71617069727886617514 0.13320551625254775652 0.084147179882966216535 -0.16064050421245770761 0.98313471409754171759 0.023664624663324907577
1648858967.9693949223 -1.0893811392260368542 -0.65405815592803839831 0.13723578504777689258 0.073546881953962625622 -0.14660852142003150123 0.98607210605118256197 0.027542680872920572571
1648858967.9672727585 -1.0896544396426552925 -0.66424496628932039322 0.13779709608146983868 0.074436074688858544501 -0.14903832907336297953 0.98543472560392686432 0.034135741179117058686
1648858967.9873111248 -1.0898564598097462142 -0.67514388411916992361 0.13820461356896851512 0.07478715978865231595 -0.15143615800043130903 0.98478371659434504881 0.040926792098130354569
1648858968.0073447227 -1.0898481760278113661 -0.68700276613944610826 0.13841949789101581914 0.075203507445288586553 -0.15383716264873706359 0.98408025259003517604 0.047587985021903686511
1648858968.0273866653 -1.0894957747441396112 -0.70005007997509538509 0.13854632226059207523 0.0760231769534880919 -0.15628943896442393235 0.9832986398786970339 0.054017336539195943967
1648858968.0474245548 -1.0888395228674005999 -0.71430189897797546905 0.13862815681363291342 0.076965471953769279412 -0.15873679525422704217 0.98245168327212006876 0.060561010519385609363
1648858968.0574402809 -1.1284308544682830622 -0.65068777892281959296 0.14334772827769928782 0.069127836784808049941 -0.14523337069410169331 0.98487887832606091365 0.064359966170615193204
1648858968.0774776936 -1.1305890541917404946 -0.66087271826249571749 0.1438020748923457548 0.069848004890162795899 -0.14757980863645964176 0.9840151034649360362 0.071103673945732567829
1648858968.0975110531 -1.1323476430116363733 -0.67208096657630844728 0.14404094727222052641 0.07051648081550734859 -0.14994927674676120088 0.98310709907382642925 0.077737198863639389579
1648858968.1175467968 -1.1336896827811651089 -0.68443170037453304744 0.14423838756462359356 0.071430675418778538655 -0.15235500128798537545 0.982147993741378178 0.084088825545020035035
1648858968.1375844479 -1.1348823637927263341 -0.69774427789467219352 0.14442928446118727392 0.072393465581788551955 -0.15476813593331437136 0.98113852436448023564 0.090405786588446598873
1648858968.1675457954 -1.1709206956940558797 -0.63578289839614954282 0.14835531619478367626 0.064754520727846057171 -0.14148746351971103197 0.98333079439962944868 0.094067520948832902827
1648858968.1676375866 -1.1750363534946361987 -0.64479441274847104637 0.14948132917710232892 0.065199848997802192785 -0.14375344907715814635 0.98232739286051706795 0.10058239808706025131
1648858968.1876707077 -1.1790463031597773202 -0.65460293267931735084 0.15045104973978912222 0.065500788126951176027 -0.14599463371896118091 0.98127542360714559155 0.10720893948095697179
1648858968.2077059746 -1.1828287391731853173 -0.66534204979815259051 0.15096396327569397422 0.065965785839338361707 -0.1482700675011058844 0.98015934458948494878 0.11380756299880699645
1648858968.2277431488 -1.1863707518083843606 -0.67725289645963593355 0.15133107305575985158 0.066802702767592675448 -0.15060469641884147163 0.97897901933867059743 0.12023187603222512676
1648858968.247781992 -1.1898192264196196799 -0.69038170687974409478 0.15208324016754812269 0.068157522636793685389 -0.15300718842487134874 0.97773951817519011431 0.12636766594694248678
1648858968.2578015327 -1.225504871957926678 -0.62390679131835702353 0.15482372981341557816 0.060984219320040583545 -0.13970986243174574049 0.97975062708752957974 0.12981058529573233362
1648858968.2778348923 -1.2315949566769921475 -0.63225342418463326144 0.15638394347072706592 0.061882776048165680227 -0.14202349158222313252 0.97851191540751647491 0.13606719396268868172
1648858968.2978701591 -1.2376557931284812852 -0.64114302621940466587 0.1576109510568168004 0.062313129330686528595 -0.14422980390240441873 0.9772270011043577842 0.14262617533915278312
1648858968.3179066181 -1.2438300804617976603 -0.6507875101350008018 0.15863649949832173136 0.062737804270490846181 -0.14640734237831379283 0.97587628902691858634 0.14931284783328846455
1648858968.3379406929 -1.2501558892420996383 -0.66117495730361974804 0.15969402820611880434 0.063403758458575473766 -0.14865864205328821468 0.97448000778070675842 0.15578602630503377013
1648858968.3579754829 -1.2565424313987139104 -0.67214833793872463819 0.16066522052552795197 0.063987092719652499673 -0.15094892140201335295 0.97308406111688661166 0.16194902004372424553
1648858968.367992878 -1.292935341617164724 -0.60511218616606443632 0.16541670742451924925 0.056116615980359781102 -0.13829608176401422814 0.97488160375209254038 0.16532083306523084887
1648858968.3880267143 -1.3021997723292144666 -0.6114637255951264061 0.16727179304449796282 0.056272019892190494605 -0.14048273008348494129 0.97358118910103585986 0.17099043994959681192
1648858968.4080631733 -1.3115462699467055341 -0.61866002169352196649 0.1696350432548264231 0.056287758753617252172 -0.14266430292874801578 0.97232473809419450728 0.17624752076101699028
1648858968.4280958176 -1.3207979709184971551 -0.62660094388848752711 0.17202040725107306529 0.056162434964520009661 -0.14486441517914386279 0.97109586877076536915 0.18119849825540362831
1648858968.4481303692 -1.3300022625131289189 -0.63547734812805445337 0.17401370448106442956 0.056122732764600197219 -0.14712334164020082761 0.96986058228155147543 0.18594464807609822898
1648858968.4581534863 -1.3547639170720695567 -0.57544356445505173703 0.17549847822216077531 0.050681242898612463565 -0.13584047089564638133 0.97132634841415088633 0.18842479391399832855
1648858968.4781873226 -1.3655089141012803911 -0.58082217055311446963 0.1774170556393084297 0.050700370143307277315 -0.13810366124481104899 0.97010480652334729612 0.19301169803514303669
1648858968.4982235432 -1.3760986351503809999 -0.58739814784974830886 0.17947847106544864704 0.0508902496805769336 -0.14042304634320160184 0.96886784592374652902 0.19745036763253417944
1648858968.518255949 -1.3865976567878810499 -0.59510583326755706057 0.18156782174712760014 0.051102626253311925209 -0.14270379415385153754 0.96759763460639047761 0.20193802571142399627
1648858968.538289547 -1.3970985295432221118 -0.60381286972005099312 0.18354811006434396115 0.051232888723109278051 -0.14490210903098088568 0.96626337652472815698 0.20667282622176214035
1648858968.5483064651 -1.4155476667985904538 -0.54446809520869077215 0.18454167177255656473 0.046947240443520249498 -0.13358091419423506752 0.96759692662062624091 0.20906526151441137684
1648858968.5683403015 -1.4269904292358190911 -0.54928726155415963373 0.1867953165561263007 0.046983839070778576907 -0.13572528880618325853 0.96623786769088515491 0.21390546483159611491
1648858968.5883760452 -1.4383417298956391317 -0.55491038184235130792 0.18893661622689619795 0.046914128995804403599 -0.13782853950069201554 0.96483645400537110248 0.21884463717901045388
1648858968.608407259 -1.4496636364073625103 -0.56128670896948007485 0.19075720471160717562 0.046635293553293863389 -0.13989436557226414548 0.96336691397792972857 0.22400648412260712461
1648858968.6284408569 -1.4609629575790670231 -0.56864119984567151889 0.19258896635294664446 0.046523455752908463023 -0.14202547118663982895 0.96192842007927847892 0.22881881094613537586
1648858968.6622264385 -1.4765801118369283884 -0.50975489727293554765 0.1916830288596934051 0.042521185142804479584 -0.13041052060344426877 0.96323976174674430517 0.23098529459700492539
1648858968.6584913731 -1.488671426501308126 -0.51320411602456839084 0.19409739759537630865 0.042483630759274658428 -0.13256121535036641257 0.96189361796208894262 0.23533663766219245495
1648858968.6785266399 -1.5007676993554517342 -0.5171442198849681704 0.19617058515705448896 0.041889943629391544755 -0.13456989066628807783 0.96051351592388256595 0.2398957333433235084
1648858968.7005562782 -1.5142537212115030343 -0.52249404412179933921 0.19815707041224434048 0.041365650207439111363 -0.13674462152110050672 0.95895679722839610726 0.2449319344581740443
1648858968.7205913067 -1.5264776874724623745 -0.52853621281679108446 0.20002721898753475505 0.041316861953371405991 -0.1388642940702528028 0.95755734413915150061 0.24918578899261353832
1648858968.7406225204 -1.538445461325637531 -0.53556331146389235531 0.20195180407537677292 0.041175561727334247797 -0.14101068599999630471 0.95613520553486575082 0.25342854670902614789
1648858968.750641346 -1.5496719991786798154 -0.47510477109320381484 0.20242204172032166043 0.037777587523458736052 -0.12956735538579494671 0.95733173378338720649 0.25554081042082571473
1648858968.7706727982 -1.5620990329381658768 -0.47852830234157134326 0.20437077420459209831 0.037702231531694337108 -0.13164783843666688634 0.95578193596059091153 0.2602465739715102977
1648858968.7907059193 -1.5745621544430989935 -0.48299919954414938239 0.20610905298832707389 0.038005541730800666833 -0.13380955130780497475 0.95415762664796366366 0.26501661511323681975
1648858968.8107411861 -1.5869469961230524557 -0.48832778646035568393 0.20771647451537197937 0.038184708445804745047 -0.1359365449666906922 0.95249037162756722275 0.26986158626267403582
1648858968.8307719231 -1.5992681251386640096 -0.49452311430231699063 0.20935630956721690277 0.038038771111085778465 -0.13794316663241712462 0.95076706812537870039 0.2748940101931124369
1648858968.8611238003 -1.6051185712132400862 -0.43657908646782983553 0.21047924842339676976 0.03547383060516298009 -0.12644323545701988132 0.95178736510958172889 0.27722649073837901668
1648858968.8608214855 -1.6173934720519409503 -0.43899965962864057056 0.21250317791070616469 0.035384989841308257807 -0.12838732919901452156 0.95000835991006238324 0.28239814499402737802
1648858968.8808600903 -1.629528496249595948 -0.44228040844092808559 0.21465280933330810331 0.035351067290547641409 -0.13033647715072654849 0.94820539247659341164 0.28752258771036892648
1648858968.9008946419 -1.6415076248781970136 -0.446285955154637759 0.21669386645328836405 0.035063191525383660685 -0.1322078717019051497 0.94635288652892290973 0.29275905693672837904
1648858968.9209251404 -1.6535112066890982341 -0.45108113999778126635 0.21856381272666050575 0.034833774709119726121 -0.13407976318235359514 0.94444083263114275706 0.298061636081317749
1648858968.9409575462 -1.6656164964920747718 -0.45686000754355304831 0.22050335685436614486 0.034963648085547513467 -0.13607478330557731816 0.94250632768185971244 0.30322107271847914545
1648858968.9709377289 -1.6708522866613442215 -0.39517098122159161067 0.21933837531268970955 0.032156904410126488369 -0.12426267294820333986 0.94347430278692634431 0.30558298642308129311
1648858968.9710063934 -1.6828330638110682305 -0.39663757927326520614 0.2215409091551630294 0.031972412809474243245 -0.1261632779769446544 0.94159914872196714963 0.31056663574073672951
1648858968.9910407066 -1.6949401825728149795 -0.39872242472884122932 0.22366450554867109424 0.031627675969848785542 -0.12798865825863781076 0.93969577507592083609 0.31557953636819408016
1648858969.0110712051 -1.7071813180661898901 -0.40158326684249329164 0.22569278185103891499 0.031418243791316705082 -0.12984756578575232244 0.93778772976218283119 0.32047882539112532152
1648858969.0311038494 -1.719395156565282079 -0.40534119239731886131 0.22781807952460189637 0.031344866819298697336 -0.13176392319064256231 0.93589608056849626916 0.3251988533897645639
1648858969.051138401 -1.7315854523353853001 -0.41004471605225834008 0.23010096099800089742 0.031197425217106944384 -0.13362135743111941411 0.9339148708473562488 0.33011371905489489409
1648858969.0611524582 -1.7286792512460213977 -0.35391175203950786532 0.22812579657177761705 0.029937133853747337903 -0.1229759411080122572 0.9345434967238359647 0.33257952230467702215
1648858969.0811870098 -1.7403242409009380687 -0.3552864541464984538 0.23011031279566754315 0.029832072857502250907 -0.12472568288202698361 0.93218129484227307824 0.33851378850029117951
1648858969.1012229919 -1.7519572164167256378 -0.35756337150360689714 0.23186517986337126795 0.029725930004519587196 -0.12645097045734740582 0.92968012962663049148 0.34470476894463286666
1648858969.1212544441 -1.763607519301428006 -0.36085791330244471053 0.23365655348074115816 0.029690360457432875274 -0.12818203199300326478 0.92710666663756291506 0.35094312622736900664
1648858969.1412880421 -1.7753234738275789351 -0.36508007658204977286 0.23534834820353658924 0.02986400302081823957 -0.13000306308191758586 0.92446705414224361608 0.35716664278520388054
1648858969.1683232784 -1.7725917322649882291 -0.30828441761273700505 0.23563921843229523878 0.028270234677954090424 -0.11915105759512423234 0.92482260606690447347 0.36014853409785807514
1648858969.171336174 -1.783658378327467986 -0.30889446435786227507 0.23740545093573817148 0.028562809703770723757 -0.12100894515485019487 0.92219639226697003309 0.36618958912579857579
1648858969.1913657188 -1.7946648140225818224 -0.31016973145756482344 0.23924960589162569402 0.028603470013754933587 -0.12276544176395348673 0.91959471555723948377 0.37209682467185006827
1648858969.211397171 -1.8056847925613195294 -0.31205667581050144932 0.24136380797693893219 0.028373977287881570891 -0.12440263754757294179 0.91700322913833465233 0.3779205987161070035
1648858969.2314302921 -1.8168538807980538774 -0.31461489525125363453 0.24365289900253433997 0.028261086142885336742 -0.12605560580476113386 0.91435862822196667388 0.38374417813337874383
1648858969.2514600754 -1.8281606291534002739 -0.31781583989543332747 0.24562156657088854428 0.028387857588652736646 -0.12782306994322625848 0.9115733239301455626 0.38972999298329791262
1648858969.2614779472 -1.8246719186723470152 -0.26199273694388242051 0.24484857966851295008 0.026558252164138866636 -0.11778131253662073308 0.91167896261622427545 0.39276416687643733727
1648858969.2815070152 -1.835372559901864431 -0.26173134810148540597 0.24680232865545720378 0.026802099549633254943 -0.11958463381062947595 0.90887025677030597315 0.39866780554038627749
1648858969.3015387058 -1.8461959110403880491 -0.2624695556021929832 0.24936960421450379832 0.027366589041329488635 -0.12151541932121363854 0.90614724946843416831 0.40420568396822881274
1648858969.3215782642 -1.8569334362191145527 -0.26387243040784436054 0.25200923603564656661 0.027711663789464591884 -0.12336166915205452888 0.90336856419553102082 0.40980385490786142011
1648858969.3416082859 -1.867648049392914178 -0.26572936209515257699 0.25420525156414131018 0.027520276639644139505 -0.12496974936077695495 0.90040304138392646127 0.41581192766076013889
1648858969.3516256809 -1.8620176148433953411 -0.2173264852009337833 0.25239145532905776781 0.026068705844735799715 -0.11612223633171146753 0.900161177550241276 0.41898198438150757728
1648858969.3716549873 -1.8722214989880074931 -0.21616841701260661179 0.25443373357853138472 0.025902024866947134796 -0.11765640308188204943 0.89702532872455786883 0.42524300764177719314
1648858969.3916864395 -1.8824870517946408199 -0.21574801034629229046 0.25644993271852273287 0.025870485718346630799 -0.11928870761802072564 0.89384055545421436939 0.43145102112385885773
1648858969.4117200375 -1.8928406713925476357 -0.21619161445834880753 0.25850344462985663796 0.025803129831543713396 -0.12089020656870518022 0.89060692141578912118 0.43765176564588742503
1648858969.4317493439 -1.9034182308032150388 -0.21756642677899409866 0.26095202514735915678 0.025860435408879601377 -0.12250834904454500907 0.88736885817049382386 0.44373353698366901909
1648858969.4517800808 -1.9140754626260665372 -0.21971260970764955323 0.26363145889465511296 0.02603654227924498063 -0.1241718231307852166 0.88412719561976482741 0.44969162630857195673
1648858969.46179533 -1.905589097295931067 -0.16484117245975776767 0.2589568699954398201 0.024433175071805340872 -0.1142034182941831788 0.88390034291078167783 0.45285845802859547859
1648858969.481826067 -1.9150997331036085924 -0.16334401982301433032 0.26098057969495541686 0.024431816749559801677 -0.11582193258335331254 0.88055061582607985216 0.45893243427686036817
1648858969.5018594265 -1.9247467566365559222 -0.16248859731346071422 0.26301852726802460447 0.024454012386651374777 -0.11744520237946072527 0.87717828094693772734 0.46493751101757346822
1648858969.5218877792 -1.9345498520140140819 -0.16235905799719477227 0.26541827574949788948 0.024617862359919522042 -0.119099637459080962 0.8738218418063055104 0.47079148886973282151
1648858969.541924715 -1.9443892225156893527 -0.16285891869381854957 0.26785685124500485665 0.024667002645545846318 -0.1207047124008164829 0.8703772550823011267 0.47672355219783268954
1648858969.5499420166 -1.9357556674805027619 -0.11431242014889936298 0.2636700076200600984 0.022971864692768646093 -0.11191525144104616518 0.87016211676522325913 0.47933825267142021742
1648858969.5699768066 -1.9447158046759909222 -0.11175714746511100639 0.26618007799055354301 0.022922201178952664874 -0.1134569976135347269 0.86667166120408511976 0.48526519971185366753
1648858969.5900132656 -1.9538115521919892092 -0.10975508429075465922 0.26895840798656567294 0.022990768503670884482 -0.11504750831017744594 0.86315832842703898997 0.49111423870854159501
1648858969.6100459099 -1.9629230960828991659 -0.10816216961440229538 0.2715624076586332647 0.022860611648420420955 -0.11650713319620717434 0.85950834347373306077 0.49714071232247764032
1648858969.6320841312 -1.9730309751965451337 -0.10695101718094446319 0.2740774255052099706 0.022367346012410867229 -0.11789605028966448907 0.85531964923673942103 0.50401242126360235041
1648858969.66355896 -1.9626718940168865757 -0.064411047520919584297 0.27020467028129507847 0.021185494637646865024 -0.10980153058007136035 0.85446008252834670937 0.50733890651603208433
1648858969.6621353626 -1.9711236732781987069 -0.060802775935962095899 0.27273879333778977552 0.021087926557046752368 -0.11121919969748661483 0.85053584995602238283 0.51358967757516471586
1648858969.6821672916 -1.979740864850856541 -0.057813414710636702731 0.27540315232069079165 0.021141544808006222655 -0.11270395024572565923 0.84650915134273485574 0.51987797739002450381
1648858969.702201128 -1.9883587168403240586 -0.055371165808304374789 0.27782911323264253278 0.02087784872661512664 -0.11402289508584474709 0.84239025954696367116 0.52625235909132994649
1648858969.7222373486 -1.9971752752820550736 -0.053513303790165812901 0.28023449440730741067 0.020517807289938131549 -0.11522931048690804312 0.83823125091825845256 0.53260641713439438316
1648858969.7626671791 -1.985896247843097262 -0.01282817705512889761 0.27670692153834347549 0.019437925672977952873 -0.10750313368927304214 0.83714722468209323836 0.53595687093234178899
1648858969.7522938251 -1.9937694388881870289 -0.0086150385592424320869 0.27896301247178056926 0.0194530092482259713 -0.10899889002939085192 0.83299024099054652659 0.54209600701172921955
1648858969.7723252773 -2.0016744562264574547 -0.0050390271933171701738 0.2811599166851095899 0.019453695501058184542 -0.11051972431999933233 0.82884222765937365374 0.5481126762958787868
1648858969.7923588753 -2.0097548100551541062 -0.0020182888180167407426 0.28357929857422298214 0.019418730856492250753 -0.11200536213237757832 0.82464772805400332611 0.55410634030020688989
1648858969.8123941422 -2.0180524465949019053 0.00047583737332930475805 0.28608417295373206324 0.019499081017687231593 -0.11351445910765968483 0.82039848441109819444 0.5600719419761482909
1648858969.8324260712 -2.0263908072045992981 0.0024698981858077492801 0.28829583800345720546 0.019444349527962891816 -0.11496949972496320336 0.81607045923427823375 0.56606796144065618659
1648858969.8524594307 -2.0167917436614635207 0.048998389049162031916 0.28644783517054683841 0.017740359677058750026 -0.10737633898800226506 0.8127613602250528535 0.57234130795285442783
1648858969.872494936 -2.0241140218019038066 0.05334413864177792175 0.28911218491456686097 0.017441706805217536275 -0.10863711273926317247 0.80846278891368217323 0.57817098123419208289
1648858969.8925263882 -2.0316564182685334927 0.057160732493582465386 0.29200100996708627799 0.017175367927007564872 -0.10990465233114020405 0.80409690802083810812 0.58399840465866958983
1648858969.9125599861 -2.0393100817983111916 0.060519864796063416179 0.29460920820864344716 0.016887098089348313162 -0.11115902513038922184 0.79961129426802846076 0.58989852951943366755
1648858969.9325954914 -2.0471183998106159407 0.063405396250737031116 0.29704552420695240489 0.016501279069326465349 -0.1123401506866870958 0.7950646845057931511 0.59580159934702470181
1648858969.9615399837 -2.0310749775535037465 0.10295521565045266665 0.29202668103822682077 0.015664935991025741996 -0.10470376690912654161 0.79369926289896808314 0.59902688674972759397
1648858969.9626514912 -2.0376725803242021762 0.10826295391522651468 0.29469731374677321512 0.015479731347297850247 -0.10602016098618433082 0.78909342032998908145 0.60485674119893728662
1648858969.9826829433 -2.0444134292322519997 0.11302236784952050808 0.29735253733060651449 0.015323875244520461861 -0.1073600533042345373 0.78443524507554318603 0.61065566736523035907
1648858970.0027163029 -2.0512315032378669599 0.11723713037875899134 0.2998712710185555963 0.014954281025424492196 -0.1085508698571139713 0.779702665627040159 0.61648749488238963057
1648858970.0227513313 -2.0583904079355290762 0.12089762612201104819 0.30259415347397972118 0.014681797596106988327 -0.10976835113274550915 0.77496673785223946229 0.62222335951939622412
1648858970.0427823067 -2.0658338599120300572 0.12399446831596643015 0.3053449136574971079 0.014537796677225425443 -0.11110501405521459872 0.77025546582634996096 0.62781434013902126523
1648858970.0528004169 -2.0477581872652499406 0.16632831769168221481 0.30018856555461903568 0.01345373367241974559 -0.10341395741733948321 0.76879693808122984144 0.6309324991300431229
1648858970.0728309155 -2.0537085700177102332 0.17178172736577088098 0.30262935573896726504 0.01318445298154014185 -0.104699012566378577 0.76413991416456383821 0.63636033703223171543
1648858970.0928635597 -2.0599150812865119065 0.176779626715790672 0.30532716315577768107 0.012931292766932238683 -0.10597559042366441751 0.75942859731508316479 0.6417711130004034592
1648858970.1128981113 -2.066364049886536769 0.18136084637046831491 0.30810886604264470234 0.012656301066928977994 -0.10721358581443823921 0.75462046573876617739 0.64721945099658462208
1648858970.1329283714 -2.0729680208342395886 0.18552959702926347108 0.31071803707674644501 0.012263772476352107973 -0.10833855118242276261 0.74966621792663179491 0.65277325306106215308
1648858970.1529610157 -2.0798337713121202164 0.18920343390912866544 0.31331035973424897767 0.011812813470487583054 -0.10936719850905157747 0.74458573126571181433 0.65840060914590470276
1648858970.1629769802 -2.0585126293305240353 0.22915845506844068069 0.30813216992523345672 0.011076352132391990846 -0.10175019499212994978 0.74284886005390649011 0.66158883255320666272
1648858970.1830163002 -2.063939473981839523 0.23512947452201346521 0.31069394358639967901 0.010850469649529919172 -0.10297703299221229456 0.7375999032128824906 0.66725136250505467927
1648858970.2030508518 -2.0696022723302891499 0.24057767424782722232 0.31314903390437354158 0.010674035548400632317 -0.10426438365575857459 0.73228288800783725154 0.67288689628859454928
1648858970.2230811119 -2.0754321569606810627 0.24546777270150876848 0.31553148548082970981 0.010363106923734157275 -0.10543824065817865299 0.72701544766136416698 0.67839805592553237279
1648858970.2431137562 -2.0815230879772044226 0.2498959521058275457 0.31823179824768516033 0.0099342899694721525233 -0.10650613208619474914 0.72182074786432914859 0.68376352759080460952
1648858970.2531299591 -2.0606480141258436412 0.2872461300329838263 0.31216576750444630095 0.0090983910074182820782 -0.099473769032553990832 0.71999042047220551677 0.68675758676827947102
1648858970.2731626034 -2.0652213803324643848 0.29384805436864502859 0.31478462665748724314 0.0086739233568911711797 -0.10053915860950320138 0.71477582751431290031 0.69203479467503725697
1648858970.2931962013 -2.0699794773476387633 0.30003367535805075539 0.31696811742651703758 0.0081656310857341433268 -0.10157506967083465566 0.70946793376705763468 0.69733139800717325318
1648858970.3132257462 -2.07516029123858603 0.30574662267196550669 0.31925704075415706207 0.0077985263411491211744 -0.10275232362920939944 0.70420947671624378739 0.70247430976423530513
1648858970.3332574368 -2.0808937579632145187 0.31094278656004087358 0.32218620435987299633 0.0078107602793395965179 -0.10430541551089728136 0.69907552122526572802 0.70735619594556520262
1648858970.3677265644 -2.0605672592177164404 0.3485518295265037092 0.31861910292491524288 0.0074598107435876852278 -0.098102337461790922735 0.69460466036600787554 0.71263219714381820236
1648858970.3733212948 -2.0642306641546981361 0.35571008352285848897 0.32087742855254014485 0.0070155987630303642127 -0.099195856962820905256 0.6892111643416811706 0.71770393219083861158
1648858970.3933589458 -2.0680528891290186344 0.36266291572686715217 0.32301544514760022198 0.0063295518160811142447 -0.099986334789235895015 0.68367481622723769163 0.72287717856208122402
1648858970.4133923054 -2.0721968342354428749 0.36923308266715582082 0.32539309067497806938 0.0057497036359461023078 -0.10087618712916206209 0.67820538913093808553 0.7278931143596111264
1648858970.4334218502 -2.076595200441240241 0.37534229674510050101 0.32774049643304359325 0.0052313428942650213455 -0.10192209259396220467 0.67287956441866858537 0.73267838229371384795
1648858970.4666814804 -2.0545238818617104215 0.40779398475122352608 0.32413119503415765976 0.0045279237045382104282 -0.095459320592028273911 0.67086628623775745872 0.73539475250275843088
1648858970.4634690285 -2.0574948766435499081 0.41571581024489134837 0.32662606999013510389 0.0040651999553953203914 -0.096559576628032869894 0.66567441186683984355 0.73995763371727885094
1648858970.4835004807 -2.0607288992747596623 0.42328360896727962315 0.3295463585912026816 0.0036192569541131070464 -0.097673516279779701299 0.66055508015431096958 0.74438818588084509908
1648858970.5035338402 -2.0640504108235817604 0.43046121247865992698 0.3323469113446054779 0.003016341190137236325 -0.098650377542311873391 0.65539465241938132944 0.74881029258194797826
1648858970.5235631466 -2.0676056164193146181 0.43728730051627079378 0.33494674090650533582 0.0023032094350513444142 -0.099508617487414116609 0.65016142035724311388 0.75324820461192865118
1648858970.5435948372 -2.0715886715533970985 0.44387148646478935543 0.33769767702050484948 0.0017175093633610253891 -0.10049677643274909644 0.64487891777464023679 0.75764677092826149263
1648858970.5536105633 -2.0465273507857322244 0.47587831075940018044 0.33216132479728177618 0.0012925702171203599326 -0.094131511364643635775 0.64287208368946002768 0.76016647640054069157
1648858970.576641798 -2.0491252659476013598 0.48547018845504291695 0.3352045240605721621 0.00074623282031991160137 -0.095453633029209464245 0.63699073166921860167 0.76493846474446325345
1648858970.596675396 -2.0516035702514296979 0.49348172894900244057 0.33804473664309514502 0.00015813606753793972353 -0.09651442062441521752 0.63199316139273176152 0.76894056048392855907
1648858970.6167166233 -2.0543835311913123398 0.50134708064212252232 0.34126964011780513975 -0.00040794703031722960498 -0.097524408868545270357 0.62694002609518884039 0.77293921296168255353
1648858970.6367473602 -2.0572917378605337646 0.50905921883741278577 0.34447292101791365804 -0.00111371295028191695 -0.098293797382635328397 0.62162223866062393807 0.77712475281779569425
1648858970.6467654705 -2.034804194353726281 0.53321743664187071232 0.33864327997968896033 -0.0012920020697714505471 -0.092984214594742570226 0.61936979606273501187 0.77957252535736309973
1648858970.666795969 -2.0360727139127412499 0.54214504261134655039 0.34112557557546224762 -0.0022905361357058446996 -0.09337919491666467342 0.61378972456654690149 0.78392426510310875276
1648858970.6868286133 -2.0379099035639152149 0.5508653438989274953 0.34380602036138391275 -0.0030095959373149937417 -0.094136363592887684071 0.60815756534397946709 0.7882091493358123202
1648858970.7068629265 -2.0402837866292689029 0.55928178189953980937 0.34675397463248391894 -0.0034544398195719824493 -0.09523813872561677496 0.60251384736051283308 0.79239814961700016926
1648858970.7268936634 -2.0429052596819525789 0.56730987673950394878 0.34963085462249238189 -0.0040357646291850641368 -0.096161638380256653225 0.59679613750200255495 0.79659966242182989049
1648858970.7469265461 -2.0457830280294513337 0.57507927564945005017 0.35237470381558005927 -0.0048645489725804326453 -0.09674884102497821603 0.5909157449286959185 0.80089611081524259006
1648858970.756942749 -2.017673069295791155 0.59842445425604606779 0.34754519187860688501 -0.0043886484813531146873 -0.090823548351837535275 0.58856462447091584256 0.80332030078337890444
1648858970.7769751549 -2.0188874733105435233 0.60738657657797712197 0.35008470529907514956 -0.0050213785153876318301 -0.091652633928438226318 0.58274602186982282781 0.80745380948180611735
1648858970.7970097065 -2.0204130772796564663 0.61599101538159262148 0.35265003238198966429 -0.0055541692090767640078 -0.092719614754183665717 0.57702911422406288899 0.81142444231242261132
1648858970.817040205 -2.0221571032788321354 0.62430310543988110084 0.35529099860351881501 -0.0061350238666733345264 -0.093725048286751710958 0.5712864201561886901 0.81535869588232645633
1648858970.8370785713 -2.0242931899074485536 0.6324915049802113387 0.35810350531002244079 -0.0066270571325271997176 -0.094817024882093037252 0.56547368679960952065 0.81927121482664577723
1648858970.8571128845 -1.996247841033938375 0.6573725689090290647 0.35531446705327729418 -0.0060806731136026220819 -0.089797271792385405242 0.56018039819576415095 0.82346669445118725328
1648858970.877143383 -1.9964998739011126094 0.66632641528275682319 0.35758795291611444878 -0.0068610867957480531354 -0.090487928464815223228 0.55430566225614363862 0.82735125133216880222
1648858970.897175312 -1.9971306299367677095 0.67506430629812652633 0.36016236395908324264 -0.0076999471637751917136 -0.091075459190538984866 0.54843348294792493292 0.83118390644219986019
1648858970.9172098637 -1.9981997549639201051 0.68364182337565648773 0.36299551062652890554 -0.0084062253607720561349 -0.091788584917200419233 0.54255338840210054485 0.83494910730384119812
1648858970.9372401237 -1.9995667043598088775 0.6919497348635342826 0.36574372834667762122 -0.0090819237554462962231 -0.092605060300930283623 0.53664290304346529137 0.83866335086293308798
1648858970.9472577572 -1.9717316709090215721 0.71048666554169659371 0.36124046585739177928 -0.0084488967263847691846 -0.087440741604602009729 0.53419684936022748811 0.84078324137993520893
