1648858964.9407021999 -0.53738564252853393555 0.00081321032484993338585 0.0018824152648448944092 0.084652515024179586511 0.017349072051845722264 9.8120755321800707804
1648858964.950722456 -0.53768396377563476562 0.0010941955260932445526 0.0011345280800014734268 0.08230373254148289075 0.0094535712741344469362 9.8084269465446460856
1648858964.9607393742 -0.5370699763298034668 0.0011017571669071912766 0.00063268636586144566536 0.079966037708381190741 0.007147804236790397843 9.8078260580420479897
1648858964.9707577229 -0.538295745849609375 0.0011759542394429445267 0.0020109859760850667953 0.076788165724091222986 0.0084283067507145460751 9.8114758127212517991
1648858964.9807779789 -0.5360043644905090332 0.00060162076260894536972 0.0024689328856766223907 0.075437865359988059977 0.015367202635802094945 9.8114547699332224084
1648858964.9907941818 -0.53884124755859375 -0.00060467579169198870659 0.0023209769278764724731 0.072799118920811450861 0.022944345050433183342 9.8125653615236281269
1648858965.000818491 -0.53827148675918579102 -0.00047784112393856048584 0.0029351948760449886322 0.075327582519082350587 0.029407547431881536637 9.8137390814781184645
1648858965.010838747 -0.54013413190841674805 0.00080736936070024967194 0.0013902918435633182526 0.076432899712747887078 0.031075841403705999066 9.8099876199901103746
1648858965.02085495 -0.53881108760833740234 0.00010293091327184811234 0.0018375621875748038292 0.084489817009447132357 0.030804627813468685865 9.8088033786416044535
1648858965.0308732986 -0.53976845741271972656 -8.4344355855137109756e-05 0.002248572884127497673 0.084489287286484610062 0.024392402134009168874 9.8065266658812753064
1648858965.0408937931 -0.53874307870864868164 -5.8433070080354809761e-05 0.001817160286009311676 0.083296296375943337797 0.014306932443549157108 9.808148714125156431
1648858965.050909996 -0.54076421260833740234 0.00025244161952286958694 0.00086133513832464814186 0.082632608302822332935 0.0062558677864348278749 9.8139974401533596193
1648858965.0609285831 -0.53839015960693359375 -0.00044753917609341442585 0.0018068596255034208298 0.078906774446414779112 0.0089599231303407571303 9.8163331896245473729
1648858965.0709488392 -0.53905957937240600586 0.00022640688985120505095 0.0024777380749583244324 0.074327451866096808097 0.0075079610523825970197 9.8132153498649596912
1648858965.0809650421 -0.5379193425178527832 -0.00077788648195564746857 0.0024879823904484510422 0.074562082605878821084 0.015787751294055487467 9.8036157468706370821
1648858965.0909831524 -0.53834301233291625977 -0.00025844748597592115402 0.0020968110766261816025 0.072700763979717156205 0.027029821982490827292 9.8045737782478319389
1648858965.1010034084 -0.5362955927848815918 0.00033284869277849793434 0.0024453564547002315521 0.077151564809540287837 0.033447586920170579994 9.8050548397630450381
1648858965.1110198498 -0.54003721475601196289 0.0004254278610460460186 0.0024327007122337818146 0.082317907197307790823 0.033226820308959577333 9.8095889760613435016
1648858965.1210381985 -0.53859186172485351562 0.00020801229402422904968 0.0018438170664012432098 0.084654049394140021279 0.028287477910367304218 9.8081218261182296914
1648858965.1310584545 -0.53960645198822021484 -0.0010995593620464205742 0.0020657307468354701996 0.088221523484215136346 0.02059229974828194823 9.8099654081583018694
1648858965.1410746574 -0.53972405195236206055 -0.0012197939213365316391 0.001427889801561832428 0.08558353966344146857 0.011301430484635055507 9.8169399233460428178
1648858965.1510930061 -0.53784608840942382812 -0.00026043649995699524879 0.0010266229510307312012 0.082527942351950323019 0.0096470120578247588183 9.8076086158990847252
1648858965.1611130238 -0.53849416971206665039 -0.0003373599611222743988 0.0025101918727159500122 0.0825076210831291873 0.0091437084572302401719 9.8123701312124715912
1648858965.1711287498 -0.53641682863235473633 0.00020871643209829926491 0.0019822944886982440948 0.07525501960637047405 0.011592721031809923027 9.8068054828226554065
1648858965.1811466217 -0.53746682405471801758 0.00062395603163167834282 0.0024698602501302957535 0.072272903089621101658 0.016057568653294582856 9.8157919223546983289
1648858965.1911664009 -0.53686952590942382812 -0.0001020169438561424613 0.0032053883187472820282 0.071372954008635122736 0.023808836942259221925 9.808361480093001461
1648858965.201182127 -0.53717923164367675781 -0.00091773731401190161705 0.0019085090607404708862 0.073039517247676849498 0.031498738424316975737 9.8082223638832566337
1648858965.2112002373 -0.53854501247406005859 -0.00055733392946422100067 0.0026511028409004211426 0.080570396809699004748 0.033914626759896052133 9.8001998009473076934
1648858965.2212264538 -0.53776180744171142578 -0.001358610810711979866 0.001790314563550055027 0.082524380421685056275 0.032767027627350758801 9.8060420972347248636
1648858965.2312426567 -0.53907746076583862305 0.00016343462630175054073 0.0025960502680391073227 0.087127307639876375167 0.023514591819595077188 9.8058947977185244582
1648858965.2412605286 -0.53812140226364135742 0.00011195529077667742968 0.0024823308922350406647 0.086887945926049717227 0.015721438883972586875 9.8149092943012714585
1648858965.2512803078 -0.53815984725952148438 0.00010266310709994286299 0.0024656166788190603256 0.081145201022969556948 0.0080952308799372985071 9.810914671707152479
1648858965.2612962723 -0.53736865520477294922 -0.00068027956876903772354 0.0014606916811317205429 0.080231383246835319412 0.0076151220669067693977 9.8103897710502145912
1648858965.2713143826 -0.53793054819107055664 -0.00067678280174732208252 0.0023963402491062879562 0.075244242484029374984 0.012008282987691926841 9.8136326984941959495
1648858965.2813341618 -0.53715807199478149414 -0.00022871933470014482737 0.0028139248024672269821 0.073386933312704780152 0.020206442235852589001 9.8060689852416516032
1648858965.2913501263 -0.53744637966156005859 -0.00068981666117906570435 0.0020050462335348129272 0.074320971892960371874 0.027194677704980130262 9.8082176877081383992
1648858965.3013677597 -0.53596377372741699219 -0.00024857022799551486969 0.0021621941123157739639 0.076339823734969822211 0.030487974496174137518 9.8067809329032886723
1648858965.3113873005 -0.53818058967590332031 0.00038937327917665243149 0.0028856901917606592178 0.080540558793861419251 0.029602595079946329715 9.8164103465139866955
1648858965.3214030266 -0.53798729181289672852 0.00082934834063053131104 0.00084367045201361179352 0.081761451491480688358 0.028025408891099504866 9.8115611529171466998
1648858965.3314208984 -0.53897738456726074219 -0.00010793028923217207193 0.001636692672036588192 0.086623696366138744351 0.024810008774860760339 9.8099233225822448645
1648858965.3414406776 -0.53771919012069702148 -0.00086290435865521430969 0.0031968059483915567398 0.084226636028615756158 0.014309388120472429917 9.8041839021474110893
1648858965.3514568806 -0.53800439834594726562 -0.00055822922149673104286 0.0023218207061290740967 0.081945037030614911733 0.0074972170377266590668 9.8096626258194437042
1648858965.3614747524 -0.53876912593841552734 -2.4262553779408335686e-05 0.0028856550343334674835 0.079553483985271303269 0.0073296436309436101275 9.807359609574078263
1648858965.3714950085 -0.53680419921875 -0.00036885408917441964149 0.0025783632881939411163 0.073982917311321935716 0.011849852439411915836 9.8103745734810825496
1648858965.3815107346 -0.53758996725082397461 -0.0011602113954722881317 0.0022347869817167520523 0.074044209911348288222 0.018568433804437515372 9.8084269465446460856
1648858965.3915281296 -0.53794634342193603516 0.00020478376245591789484 0.0021393934730440378189 0.072524060272518536818 0.026931925982411484416 9.8127617608785620007
1648858965.4015481472 -0.5381259918212890625 0.00052610726561397314072 0.0031417270656675100327 0.075298150928621174205 0.033021169068489689136 9.8106960605204101
1648858965.4115638733 -0.53798198699951171875 -0.00073759583756327629089 0.002127127721905708313 0.078602558202296488044 0.033957360789924860567 9.8064693827360862599
1648858965.4215815067 -0.53885304927825927734 0.00047556625213474035263 0.0006946336943656206131 0.084498173845838756013 0.027766451994236558687 9.8028044304877521853
1648858965.4316015244 -0.53992658853530883789 -0.00015184015501290559769 0.001813333132304251194 0.086629395454563190571 0.024047534219094085506 9.8078517770051956148
1648858965.4416229725 -0.53782933950424194336 -0.0012418939732015132904 0.0023206607438623905182 0.085720299519319087533 0.012389544240105895834 9.8176343353509896161
1648858965.4516406059 -0.53981310129165649414 -0.00036004831781610846519 0.0026433707680553197861 0.082866133930906651917 0.0084650545687734845418 9.8167248192906377824
1648858965.4616601467 -0.53772914409637451172 -0.00034059167956002056599 0.0022528728004544973373 0.081377237946866076701 0.0071642713144014118568 9.8115132221221923459
1648858965.471675396 -0.53724843263626098633 0.00054609362268820405006 0.0029586907476186752319 0.077361773494118823979 0.010974102792987832852 9.8061595861345516312
1648858965.481692791 -0.53750109672546386719 -1.9466620869934558868e-05 0.0028684209100902080536 0.074949597785854707443 0.019299647855549117298 9.8114711365461335646
1648858965.4917123318 -0.53854775428771972656 -0.00029406754765659570694 0.0033642561174929141998 0.073321681490191248365 0.026718703356839249019 9.8127114919960494177
1648858965.5017280579 -0.53706562519073486328 -4.5156761188991367817e-05 0.0023550384212285280228 0.076308780142734747298 0.029188016079820224002 9.8172801150858397534
1648858965.5117454529 -0.53807938098907470703 -0.00050797947915270924568 0.0022893685381859540939 0.078946759396931145969 0.035412454969063401899 9.8113928106129169038
1648858965.5217652321 -0.53823101520538330078 -0.00060643628239631652832 0.0028563248924911022186 0.082700129714235653955 0.030053332238842267454 9.8119282326638685987
1648858965.5317809582 -0.53802138566970825195 0.00035658988053910434246 0.0016687399474903941154 0.082517357025854290442 0.024313208551111162997 9.8094931144714347937
1648858965.5398004055 -0.53632450103759765625 -2.7602345653576776385e-05 0.0014856972265988588333 0.081818752902979019481 0.015533257084822980204 9.8087987024664879954
1648858965.5498218536 -0.53655225038528442383 9.6724848845042288303e-05 0.0019917048048228025436 0.080068502569012336978 0.007522981095823342082 9.8102623452782626856
1648858965.5598392487 -0.53627228736877441406 -0.0016378636937588453293 0.0016044708900153636932 0.075289273502421566464 0.010774410935846389856 9.8122485506594170346
1648858965.569858551 -0.53802627325057983398 -0.00069535267539322376251 0.0016179195372387766838 0.073709077939158304527 0.009954563044989480497 9.8178330727934834954
1648858965.5798799992 -0.53876417875289916992 -0.00049108639359474182129 0.001418004743754863739 0.071318945099343541982 0.015958649739908285781 9.8146953592896455376
1648858965.5898971558 -0.53853642940521240234 1.730004441924393177e-06 0.0026499421801418066025 0.078133415453741320023 0.032128115519171114578 9.8143925769507873724
1648858965.5999162197 -0.53931349515914916992 -0.0051836185157299041748 -0.00054020393872633576393 0.71608519983440632739 0.054185745429527011618 9.8197012047529206313
1648858965.6099376678 -0.53669953346252441406 -0.023090844973921775818 -0.016117598861455917358 1.373486740031838238 0.083068570300983260446 9.7981422838956113708
1648858965.6199553013 -0.53854650259017944336 -0.036886218935251235962 -0.03956942632794380188 1.8410624584659933678 0.096481731100939202572 9.796393394401668786
1648858965.6299743652 -0.5379276275634765625 -0.041026394814252853394 -0.054879996925592422485 2.0103062415800989626 0.065724422161071563431 9.8116605216383927512
1648858965.639995575 -0.53626894950866699219 -0.040379606187343597412 -0.058340564370155334473 2.2850544722169634504 -0.0086820383415441015895 9.8374683321118343571
1648858965.6500132084 -0.53533077239990234375 -0.036560900509357452393 -0.048871230334043502808 2.4861840705439446353 -0.14054479951011017436 9.9111695281386378298
1648858965.6600387096 -0.53600662946701049805 -0.028442641720175743103 -0.033143628388643264771 2.5069655772879717581 -0.11725062495856544698 10.001990201270579917
1648858965.6700596809 -0.53654450178146362305 -0.010575283318758010864 -0.014753794297575950623 2.2296287914626300442 -0.019843673338065855732 9.9888665158033358438
1648858965.680077076 -0.53770405054092407227 0.010085230693221092224 0.0064683272503316402435 1.9376085235074160806 0.068728010724112387209 9.9316874155104155619
1648858965.6900963783 -0.53885519504547119141 0.033857930451631546021 0.023426571860909461975 1.5223741099461911563 0.08513197823734953984 9.725835172575711951
1648858965.700117588 -0.5388132929801940918 0.053974211215972900391 0.030468752607703208923 1.1291346705719826904 0.08273179436097852224 9.6125320340007540665
1648858965.7101345062 -0.53762239217758178711 0.060906991362571716309 0.033642239868640899658 0.83202635876275599092 0.13787708727135322695 9.6634228478044263966
1648858965.7201538086 -0.53897273540496826172 0.04215398058295249939 0.033074855804443359375 0.99730240728966890185 0.240909052866511042 9.9419223937988281392
1648858965.7301752567 -0.53887224197387695312 0.0061584552749991416931 0.024418989196419715881 1.0374152950346469115 0.2460664356296881905 9.9625887497305871676
1648858965.7401921749 -0.53802931308746337891 -0.025631893426179885864 0.01320246327668428421 0.85371007504351437145 0.076542045475915074237 9.8363086406826969466
1648858965.7502110004 -0.54100638628005981445 -0.039408806711435317993 0.006635610479861497879 0.49388983446191991877 -0.084588537276722483571 9.7347730967909100741
1648858965.7602319717 -0.53964787721633911133 -0.030384963378310203552 0.0049926219508051872253 0.11997550161150283277 -0.1034713342599570679 9.7112495978623627479
1648858965.7702486515 -0.53905719518661499023 -0.013592702336609363556 0.0072958250530064105988 -0.10989624360776505119 -0.043029743306059388408 9.7933877828449009684
1648858965.780267477 -0.53848510980606079102 0.0060877571813762187958 0.0085642319172620773315 -0.20047338117426261039 0.0067411516731488516779 9.7004797820448871448
1648858965.7902884483 -0.53732258081436157227 0.017451424151659011841 0.011200547218322753906 -0.23817820313051341063 -0.010003917470405576662 9.6739851583510638733
1648858965.8003053665 -0.53801721334457397461 0.013079291209578514099 0.0088619794696569442749 0.31553934643696990303 -0.041867581358621827614 9.6873479132711874939
1648858965.810324192 -0.5397250056266784668 -0.01534681953489780426 -0.010421681217849254608 1.1699481078017501812 -0.033646890618244648663 9.8329499779045583807
1648858965.8203451633 -0.53563445806503295898 -0.047706261277198791504 -0.038485504686832427979 1.5879038360856472245 0.019605313987948465304 9.9043469886422155213
1648858965.8303618431 -0.53528410196304321289 -0.074367418885231018066 -0.064008183777332305908 1.7444515114948151435 0.045156170008657500747 9.7952144137501715448
1648858965.8403806686 -0.53909945487976074219 -0.10800617188215255737 -0.075181216001510620117 3.1815491384327407864 -0.15081821011276913547 9.4753020763933655246
1648858965.8504016399 -0.53804934024810791016 -0.1486892998218536377 -0.08594723045825958252 4.2619031192228193916 -0.27548706630542874052 9.8065453705817446917
1648858965.8604245186 -0.53859364986419677734 -0.16369791328907012939 -0.099197335541248321533 4.2966836329638953274 -0.45590566584132607986 9.9344498659610742664
1648858965.8704435825 -0.5377019047737121582 -0.12219870090484619141 -0.11938120424747467041 4.0988559987917536631 -0.56916164080630982092 10.078097289395332226
1648858965.8824625015 -0.53638994693756103516 -0.031957291066646575928 -0.14775429666042327881 3.7368724061638114442 -0.58245125742498782273 9.7821433352530000604
1648858965.8924834728 -0.53400689363479614258 0.067489594221115112305 -0.16661623120307922363 3.5930557636424897971 -0.4025305609412491159 10.001826535141466579
1648858965.9025001526 -0.52952212095260620117 0.12860111892223358154 -0.15840105712413787842 3.1233421563968062351 -0.026172890059323980494 9.8430364876329896617
1648858965.9125189781 -0.5302982330322265625 0.14621333777904510498 -0.12536209821701049805 2.9685116601690646476 0.11007583795837126706 9.8607556841969490335
1648858965.922539711 -0.53101247549057006836 0.10243818908929824829 -0.0771390572190284729 3.5471421537294980375 0.30560709568848831719 9.2336572200655933074
1648858965.9325568676 -0.53596937656402587891 0.0352631397545337677 -0.028233814984560012817 3.9167593099758026831 0.22931897017471492006 8.7113915878057479603
1648858965.9425754547 -0.53831452131271362305 -0.026368370279669761658 0.00070516928099095821381 3.623166239745914563 0.17684870515987274886 8.7365149231463661295
1648858965.9525961876 -0.54368740320205688477 -0.046351883560419082642 0.0081340409815311431885 3.3184242912530899083 0.74645958757102481851 9.2811098761141295199
1648858965.9626133442 -0.54318636655807495117 -0.012975839897990226746 0.0055936444550752639771 1.6973792330659924765 1.4001193108916281105 10.343258630388975305
1648858965.9726314545 -0.53928023576736450195 0.050442151725292205811 -0.0072862757369875907898 1.3137132393315433809 1.5708562551729379209 10.827301207238434699
1648858965.9826519489 -0.53323632478713989258 0.11808754503726959229 -0.028638731688261032104 0.96100484004914754621 0.85397742074280968971 10.491908392155169238
1648858965.9926681519 -0.53352528810501098633 0.14492140710353851318 -0.042313449084758758545 0.71144606879167249236 -0.24461799038704482023 10.619012677067518169
1648858966.0026865005 -0.532764434814453125 0.1276181340217590332 -0.045992858707904815674 0.043767099403589963813 -0.92903273479230696896 10.16802364403605452
1648858966.0127067566 -0.53741312026977539062 0.10303679108619689941 -0.039983935654163360596 -0.55419316772259763493 -1.2815597130931912773 10.315773242092131312
1648858966.0227234364 -0.53588777780532836914 0.070457406342029571533 -0.042424924671649932861 -0.9265986395131795561 -1.0070562509976326293 9.6585759922951446299
1648858966.0327422619 -0.53519284725189208984 0.050416905432939529419 -0.053983900696039199829 -1.4113240109950302426 -0.46084984424524005897 9.3984105598926532821
1648858966.0427627563 -0.53306633234024047852 0.046982642263174057007 -0.07665704190731048584 -1.9923985367067156282 -0.094622229972528282271 9.0693411026120180907
1648858966.0527789593 -0.53309726715087890625 0.031756222248077392578 -0.10779973864555358887 -2.5934400379091497868 0.012574408420873805017 8.8641733348101379164
1648858966.0627975464 -0.53082036972045898438 0.020926695317029953003 -0.12962332367897033691 -2.9278771597027777318 0.056526554668322202823 9.5094743951082225664
1648858966.0728240013 -0.53582519292831420898 0.016946215182542800903 -0.14045228064060211182 -3.425585273811221132 0.13986403243802486562 10.053763643127679117
1648858966.0828406811 -0.53445374965667724609 0.012190029025077819824 -0.15467211604118347168 -3.618578911955654398 0.40675690993200985801 11.039347044116258445
1648858966.0928587914 -0.53466010093688964844 0.011398703791201114655 -0.16586995124816894531 -3.4106139146506784243 0.81510086985975493956 10.961362471681832531
1648858966.1028792858 -0.53284126520156860352 6.8179797381162643433e-05 -0.16804921627044677734 -3.0705665517598390579 0.91254812152460207386 10.276339057326316251
1648858966.1128954887 -0.53463083505630493164 -0.033577244728803634644 -0.16435290873050689697 -2.5994758109420534886 0.8194228247120975972 9.059904581224918374
1648858966.122913599 -0.53329902887344360352 -0.079958744347095489502 -0.15957906842231750488 -0.94320512559488411952 0.70247424230687316449 8.2589266370028244779
1648858966.1329338551 -0.53597038984298706055 -0.16174344718456268311 -0.1563940197229385376 0.70827313784398138186 0.21290164998956023767 8.0433333367764952015
1648858966.142950058 -0.53664439916610717773 -0.22770737111568450928 -0.15569327771663665771 1.8076735452137886462 -0.56745297372490166588 8.3078195549875495374
1648858966.1529684067 -0.54142081737518310547 -0.22881674766540527344 -0.16844138503074645996 2.4830551248684522569 -1.3659537141785025316 9.7167762523293497168
1648858966.1629889011 -0.53699982166290283203 -0.18590587377548217773 -0.18309321999549865723 3.0430750259831547133 -1.5594044484406708317 11.21914831547140956
1648858966.1730053425 -0.53591465950012207031 -0.1041089966893196106 -0.20356516540050506592 3.4560455862656231929 -1.6935855398714541042 12.064730540573595619
1648858966.1830236912 -0.52932369709014892578 -0.01444847695529460907 -0.22955144941806793213 3.2038813817501066161 -1.5671151689484714709 11.638119577473402089
1648858966.1930437088 -0.53048992156982421875 0.062069449573755264282 -0.24644756317138671875 3.1009637358501551674 -1.3020188560150562918 10.999850900030136103
1648858966.2030599117 -0.52465277910232543945 0.11522512882947921753 -0.26436829566955566406 3.17212723009288311 -1.0004324489437042001 10.07223453484177611
1648858966.2130782604 -0.52414673566818237305 0.13304801285266876221 -0.27923232316970825195 2.7146163940772414236 -0.29493834735900159583 9.6041862304598080158
1648858966.2230985165 -0.52246481180191040039 0.11583255976438522339 -0.27544629573822021484 1.9358974818058309886 0.017227791751245967455 9.2609070460408915437
1648858966.2331149578 -0.52705985307693481445 0.081835277378559112549 -0.2545388340950012207 1.1789241720702499094 0.067004123240686011553 8.6460782808959475432
1648858966.2431330681 -0.52930676937103271484 0.051984824240207672119 -0.23793718218803405762 0.68803932811059054231 0.276288317952025686 8.5801167392104851217
1648858966.2531533241 -0.53294312953948974609 0.030891215428709983826 -0.23292945325374603271 0.10006567226862533859 0.63318896302618077332 9.1362191746205088094
1648858966.2631695271 -0.53133404254913330078 0.022376000881195068359 -0.23323863744735717773 -0.40799854402355845151 0.9821227391406892604 9.507155012249945969
1648858966.2731873989 -0.53376376628875732422 0.025164309889078140259 -0.23358935117721557617 -0.71947966457828871345 1.0454927299629896975 9.664854926434157889
1648858966.2832071781 -0.53071486949920654297 0.025437407195568084717 -0.23492695391178131104 -0.9255707577701657307 1.1173137382663784756 10.194439357274770686
1648858966.2932291031 -0.53269362449645996094 0.031782146543264389038 -0.23453818261623382568 -1.0515540027633307751 0.87371745560988778312 10.519090998113155067
1648858966.3032467365 -0.52721041440963745117 0.032777383923530578613 -0.23606771230697631836 -1.1524345898777246244 0.35083442210406062811 10.769342354744672718
1648858966.3132667542 -0.5306313633918762207 0.023710062727332115173 -0.23679235577583312988 -0.83618333231173447295 -0.043421231408254240547 9.9813109858572470756
1648858966.3232824802 -0.53155851364135742188 0.013200761750340461731 -0.25957119464874267578 0.18150993843656032523 -0.13701002211323937141 9.6110116925656789988
1648858966.3333001137 -0.53244805335998535156 -0.011678058654069900513 -0.31060999631881713867 0.88777330736070869666 0.10304620418306439933 9.2865085202872741377
1648858966.3433201313 -0.52858448028564453125 -0.031182281672954559326 -0.37209135293960571289 1.3119104276932775921 0.0037805802679271435437 9.2830966660171743143
1648858966.3533358574 -0.52743715047836303711 -0.047813113778829574585 -0.43223968148231506348 1.2739702808775006382 -0.35067126743160187408 9.0535134188830852509
1648858966.3633539677 -0.52545970678329467773 -0.04588206857442855835 -0.47388800978660583496 0.81673533919379115442 -0.98024320900440209403 8.8339687506824731145
1648858966.3733739853 -0.52543592453002929688 -0.028436470776796340942 -0.48919510841369628906 0.71063438708260651122 -1.4183490873262285525 9.9989179542183865834
1648858966.3833897114 -0.52245736122131347656 0.0019205773714929819107 -0.49076947569847106934 0.47872240474000571364 -1.2325167191132901934 10.604046578603982809
1648858966.3934075832 -0.52579265832901000977 0.035564541816711425781 -0.48703247308731079102 0.55718336251452560415 -1.0146500671274958361 11.568647981840371131
1648858966.4034273624 -0.52040117979049682617 0.037650249898433685303 -0.48352199792861938477 1.0297002636779100104 -0.49750557727366684357 10.68193061327338178
1648858966.4134430885 -0.52186888456344604492 0.021104615181684494019 -0.47297751903533935547 1.4927555090129374094 -0.19691605401886624893 9.8323292156577100087
1648858966.423460722 -0.52039712667465209961 -0.005776989273726940155 -0.46272727847099304199 1.4877344659805296079 -0.67513067363351575434 8.385759703758358441
1648858966.4334805012 -0.52636218070983886719 -0.014901418238878250122 -0.45433771610260009766 1.5446831185184417556 -0.91205354294069107546 7.972261320209502955
1648858966.4434962273 -0.52399492263793945312 -0.009248645976185798645 -0.45110753178596496582 1.4811189933635293681 -0.70021564972512417846 8.7360958209514620876
1648858966.4535140991 -0.52821391820907592773 -0.013320953585207462311 -0.43643113970756530762 1.0424076234292238841 -0.39553109397534280678 9.5025863891601556332
1648858966.4635338783 -0.52459764480590820312 -0.018098561093211174011 -0.42229011654853820801 1.3685396390184758619 -0.33625315823964774253 10.92296289066076298
1648858966.4735496044 -0.52571576833724975586 -0.0084556732326745986938 -0.4216512143611907959 1.5490904135666787589 -0.30313210214339192383 11.453221275240181853
1648858966.4835674763 -0.52428209781646728516 0.0064781173132359981537 -0.43109589815139770508 1.283835841331630867 -0.49565804971083993191 10.784262860500811954
1648858966.4935870171 -0.52511632442474365234 0.03611105307936668396 -0.44530901312828063965 0.96421276924498378058 -0.68559456530697637788 9.69301894464492797
1648858966.5036025047 -0.52397209405899047852 0.074787370860576629639 -0.45920106768608093262 0.72166175785772501694 -0.43658992080092429156 8.6755153877824540132
1648858966.5136260986 -0.52552902698516845703 0.0873373374342918396 -0.4771468043327331543 0.7631800554212182508 -0.076902805079706010316 8.4838600125044578704
1648858966.523645401 -0.522411346435546875 0.089830212295055389404 -0.49049043655395507812 0.63272456038482483009 0.28338359170891341821 9.0342960927158593165
1648858966.5336608887 -0.52409017086029052734 0.070889189839363098145 -0.48907414078712463379 0.23583662670673802286 0.56254613165669142827 10.359959589821100323
1648858966.5416805744 -0.52164751291275024414 0.046438213437795639038 -0.47775864601135253906 0.085461685115750876673 0.52215873781926924746 11.246231552708147561
1648858966.5517020226 -0.52292668819427490234 0.020995125174522399902 -0.45981290936470031738 -0.32339283641632643462 0.11319635373223572994 10.628165120816230882
1648858966.561719656 -0.52369886636734008789 0.0092525985091924667358 -0.44553855061531066895 -0.44914716802444304422 -0.088203074512071905078 9.7134631822586054994
1648858966.5717391968 -0.52458274364471435547 0.0056576034985482692719 -0.44478195905685424805 -0.16358699946142732373 -0.12345194555041379136 8.9143200522482395343
1648858966.5817604065 -0.52312451601028442383 0.0039083748124539852142 -0.45425233244895935059 -0.083154522418230764069 -0.075207518069678916395 8.7871695901066058099
1648858966.5917778015 -0.52561753988265991211 0.0067250356078147888184 -0.46243625879287719727 -0.27176203616661948059 -0.27044881640989332228 8.8165985136866567018
1648858966.6017973423 -0.52348124980926513672 0.015378667972981929779 -0.4634450376033782959 -0.28075844910340380656 -0.43638636105284089872 9.9865424567699427882
1648858966.6118190289 -0.52576404809951782227 0.039310760796070098877 -0.45585814118385314941 -0.11307466358132660378 -0.64299351400807491785 10.649538748234510521
1648858966.6218366623 -0.52185463905334472656 0.049477055668830871582 -0.44806128740310668945 -0.13903309803921728993 -0.54770840881317850446 11.079698928248880918
1648858966.6318559647 -0.52521342039108276367 0.062179274857044219971 -0.44590514898300170898 0.0021715022451186086379 -0.24858282063109798932 10.587263786107300234
1648858966.6418771744 -0.52154183387756347656 0.058940000832080841064 -0.45156714320182800293 0.088359498049644741302 0.015466940108162815712 9.9512385036766524138
1648858966.6518945694 -0.52321678400039672852 0.031513042747974395752 -0.46234172582626342773 0.12248711910624987542 0.063263352110050616317 9.2684105535387981689
1648858966.6619141102 -0.52092730998992919922 0.0081588691100478172302 -0.47358283400535583496 -0.083345204418431961813 -0.30699261349644507701 8.7356369712680574935
1648858966.6719355583 -0.52613693475723266602 -0.0058966386131942272186 -0.47846847772598266602 -0.24066086852541190844 -0.30297819022331384797 9.3381714875072230342
1648858966.6819527149 -0.52454179525375366211 -0.018694931641221046448 -0.47597011923789978027 -0.31520014107786115121 -0.2275435397337190746 9.7259620138257734112
1648858966.6919720173 -0.5275974273681640625 -0.0097810504958033561707 -0.47427713871002197266 -0.1876627619778737377 -0.489974414583854323 10.434698896723984873
1648858966.701993227 -0.52286767959594726562 -0.0013571052113547921181 -0.4712963402271270752 -0.23492555801011619221 -0.50971298814620824569 9.8585403462350367221
1648858966.7120103836 -0.52390688657760620117 0.012461490929126739502 -0.4722131192684173584 -0.08237350070890969711 -0.49214719204567369815 9.8002909863620999431
1648858966.7220299244 -0.52145653963088989258 0.021345539018511772156 -0.47787171602249145508 -0.0084809787945123379926 -0.35892968495003879648 9.3858930236250159851
1648858966.7320570946 -0.52383190393447875977 0.0097721973434090614319 -0.48413059115409851074 -0.12923554305369033823 -0.2973650995818897802 9.3570217339277270696
1648858966.7420740128 -0.52114480733871459961 0.0053010983392596244812 -0.47729015350341796875 -0.3805663106860592837 -0.68414780056476587333 9.866452434533833582
1648858966.7520935535 -0.52547299861907958984 0.0064268135465681552887 -0.46133860945701599121 -0.27642058429587629265 -0.76097114720009262356 10.247305855065583557
1648858966.7621147633 -0.52379822731018066406 0.021007077768445014954 -0.44986078143119812012 -0.046760399468056858263 -0.98626086185872552381 10.67928039102554294
1648858966.7721319199 -0.52505296468734741211 0.034126941114664077759 -0.44439426064491271973 0.16097394915251059255 -0.91467205487601455083 10.47003558304309756
1648858966.7821507454 -0.52332383394241333008 0.052274420857429504395 -0.44653549790382385254 0.40387306159138675055 -0.76097458126619454966 9.8534877390205846126
1648858966.7921714783 -0.52468478679656982422 0.05131478235125541687 -0.45791977643966674805 0.42690424695834516822 -0.56369172149524093829 9.3168276707053170327
1648858966.8051915169 -0.52276647090911865234 0.045416232198476791382 -0.47711658477783203125 0.38534021055698391978 -0.18362978013474492989 8.9823350193321704893
1648858966.8152077198 -0.52577596902847290039 0.040167663246393203735 -0.48733675479888916016 -0.066741029024822637328 -0.29084568948419764478 9.4729721721410751201
1648858966.8252260685 -0.52088707685470581055 0.029256340116262435913 -0.48277699947357177734 -0.24129785125469788154 0.0093992295755248051609 9.9365541447639458283
1648858966.8352460861 -0.52683174610137939453 0.033242162317037582397 -0.48051637411117553711 -0.066569736711680885244 -0.25929486011303959359 10.196755233001708163
1648858966.8452620506 -0.52224636077880859375 0.019427454099059104919 -0.48586237430572509766 0.12574376454832963956 -0.18893459027828646279 10.027905563771724928
1648858966.8552803993 -0.52568274736404418945 0.016432914882898330688 -0.49299973249435424805 0.28590653431527313089 -0.11219037329377605505 9.4968604127287861161
1648858966.8653004169 -0.5224609375 0.007563092745840549469 -0.50133651494979858398 0.16920215419577433469 -0.34989725085180251041 9.246416163873671934
1648858966.875316143 -0.52612698078155517578 0.010199739597737789154 -0.50809657573699951172 -0.02484459603105206027 -0.50072698700558393448 8.9031872483372680449
1648858966.8853340149 -0.5210825800895690918 0.030384523794054985046 -0.50709813833236694336 -0.42133221897967154668 -0.99401257196404035898 9.4029926269859078758
1648858966.8953535557 -0.52448439598083496094 0.071825422346591949463 -0.49372637271881103516 -1.1657028714474289011 -1.024673375426605304 9.8979090645492071587
1648858966.9053695202 -0.52199733257293701172 0.11557993292808532715 -0.47770676016807556152 -1.2846012727461755265 -0.54718135273177170852 11.042906782424449119
1648858966.915387392 -0.52485138177871704102 0.14437699317932128906 -0.46586263179779052734 -0.96456837774962178589 -0.14806510287919080748 11.765205157685279858
1648858966.9254071712 -0.51966547966003417969 0.14101278781890869141 -0.46197304129600524902 -0.68105465685501687112 0.04880491547428537219 10.943763686627148601
1648858966.9354228973 -0.52009487152099609375 0.097500972449779510498 -0.47620880603790283203 -0.38109110174514349012 0.088913159010186787468 9.9141061661124219029
1648858966.9454464912 -0.51872235536575317383 0.043302413076162338257 -0.51020717620849609375 -0.22892239033887160082 0.25759393794666973765 8.2689991182059046082
1648858966.955466032 -0.52389699220657348633 -0.017319830134510993958 -0.55099618434906005859 -0.42242304642368105894 -0.10219455578979104449 7.6653744686424731825
1648858966.9654819965 -0.52332979440689086914 -0.059599675238132476807 -0.58575642108917236328 -0.8411655777037143622 -0.24076416450310497708 7.5006351573407643585
1648858966.97549963 -0.52877664566040039062 -0.060422658920288085938 -0.59276497364044189453 -1.3825813161134719032 -0.3321805019732564368 8.9382094618797296448
1648858966.9855194092 -0.52574098110198974609 -0.038919851183891296387 -0.58554840087890625 -1.3548008903928099311 -0.50195912261642516849 10.467791018986702056
1648858966.9955351353 -0.52625292539596557617 0.00081344228237867355347 -0.57438498735427856445 -1.2971468660645186777 -0.59014513639584176286 12.588884178537130154
1648858967.0055530071 -0.51738595962524414062 0.035572417080402374268 -0.55527603626251220703 -0.88747724702358243842 -0.5590866388525813635 13.103484390735625098
1648858967.0155725479 -0.51796251535415649414 0.027367880567908287048 -0.55144643783569335938 -0.083874068864434950243 -0.48676312438715246822 11.990422610825300254
1648858967.0255880356 -0.51413893699645996094 0.0030908689368516206741 -0.57268571853637695312 0.36384982489123940397 -0.55013264028541741801 9.6446287154853340695
1648858967.0356054306 -0.51823031902313232422 -0.018622199073433876038 -0.60883253812789916992 0.25496179934479296092 -0.78915087443664666544 7.9225559167981138842
1648858967.045624733 -0.51627707481384277344 -0.036557789891958236694 -0.64200013875961303711 0.13298082139608449759 -0.61227053202949455191 7.455210792249440388
1648858967.0556402206 -0.52220636606216430664 -0.040971782058477401733 -0.66635406017303466797 0.049045724793104449046 -0.46688813802879303161 7.8627137347757809493
1648858967.0656580925 -0.51921254396438598633 -0.02857472933828830719 -0.6831544041633605957 -0.14058049187799914748 -0.61804648508243253957 8.3353996358305213477
1648858967.0756778717 -0.52210664749145507812 -0.0068650962784886360168 -0.69208681583404541016 0.14095296931904741089 -0.57638611216712742902 9.6717242276817554369
1648858967.0856935978 -0.51714020967483520508 0.013592118397355079651 -0.69268935918807983398 0.31906152921374886233 -0.57575647249408057338 10.668632740283012339
1648858967.0957114697 -0.51915115118026733398 0.018955947831273078918 -0.68789303302764892578 0.29445321245687078315 -0.56881089113987981509 10.96960539937019341
1648858967.1057310104 -0.51638716459274291992 0.030325941741466522217 -0.68037396669387817383 0.10068936625807545227 -0.67659965020753443099 9.9279768705546853624
1648858967.1157462597 -0.5204403996467590332 0.045814502984285354614 -0.68027013540267944336 -0.088922127767931666287 -0.48160289207976308967 9.4461548923641434072
1648858967.1257636547 -0.51613372564315795898 0.047026954591274261475 -0.67636191844940185547 -0.29436182611268013609 -0.25694223257228732127 9.7604675100177527014
1648858967.1357829571 -0.52252709865570068359 0.044679481536149978638 -0.66616612672805786133 -0.26499864297891034814 -0.26733125064494084322 10.338182642298935576
1648858967.1457982063 -0.51888519525527954102 0.034315139055252075195 -0.65687543153762817383 -0.057895797194913029005 -0.28692672594217583093 10.989433550912140802
1648858967.1558153629 -0.51988756656646728516 0.020906614139676094055 -0.64681220054626464844 0.10242469301754608679 -0.2991217339908703865 10.830929919129609118
1648858967.1658346653 -0.51598966121673583984 0.0034476262517273426056 -0.6444752812385559082 0.28464871627390381237 -0.55160472213197497826 10.1494335098564612
1648858967.1758496761 -0.51990276575088500977 0.0047400342300534248352 -0.65137308835983276367 0.13908691058568656285 -0.69383690847344692276 8.7259683946907511398
1648858967.1858670712 -0.51635974645614624023 -0.0013626088621094822884 -0.66190457344055175781 0.046817358386260457537 -0.68643028547875584167 8.2377125840604303875
1648858967.1958863735 -0.5226612091064453125 -0.002224207855761051178 -0.66636931896209716797 -0.16527168287904930866 -0.6542671146292239337 8.8031293757826087898
1648858967.2059018612 -0.51960301399230957031 -0.00010831488179974257946 -0.6593335270881652832 -0.27387139300340784809 -0.56389772892873735177 9.7897549793004987606
1648858967.2159190178 -0.52428919076919555664 0.00011471239849925041199 -0.64747893810272216797 -0.077014101700764142633 -0.58605728256031863754 10.83094511669874116
1648858967.2259383202 -0.51835685968399047852 0.00157235714141279459 -0.63578075170516967773 0.11122184792202896575 -0.51910786234866823641 11.085332550221680847
1648858967.2359535694 -0.51988101005554199219 -0.00093507161363959312439 -0.62841057777404785156 0.19655129409339278101 -0.61594045271389186169 10.878657300466297642
1648858967.245970726 -0.51749366521835327148 1.1404044926166534424e-06 -0.62981927394866943359 0.15622976856641471177 -0.83147150135897096579 9.3984199122428879747
1648858967.2559900284 -0.52117264270782470703 0.0077838678844273090363 -0.63639968633651733398 0.12493921583294867461 -0.79845953166037797466 8.7778096410870549704
1648858967.2660055161 -0.51684087514877319336 0.016805967316031455994 -0.64151722192764282227 -0.1103922104311641228 -0.60606243463698772356 9.0717931719392534973
1648858967.2760224342 -0.52217864990234375 0.011614196933805942535 -0.63444411754608154297 -0.23094934785552320711 -0.41911461599543686773 9.9585906200051308446
1648858967.286041975 -0.51867204904556274414 -0.0004857843741774559021 -0.62711185216903686523 0.02198793024158803705 -0.29012696502190082892 11.276543688863515769
1648858967.2960574627 -0.51940453052520751953 -0.016091771423816680908 -0.61843699216842651367 -0.069662094970140600592 -0.42947446277253326086 11.173387265771626886
1648858967.3060743809 -0.51522082090377807617 -0.027837924659252166748 -0.61467313766479492188 -0.014756275654735508118 -0.6644948594592511304 10.637786351120471551
1648858967.3160936832 -0.51886582374572753906 -0.019809473305940628052 -0.62204128503799438477 -0.049553491652151566982 -0.96754783195182680888 8.7994334438741201865
1648858967.3261086941 -0.51721918582916259766 0.0015251185977831482887 -0.63824200630187988281 0.028429050938680301003 -0.96304942455403497181 8.1735390948355188812
1648858967.3361253738 -0.51925981044769287109 0.021311610937118530273 -0.65582877397537231445 0.096630035264138131046 -0.54838017059490085092 8.0563599916100496756
1648858967.3461441994 -0.51751184463500976562 0.024051513522863388062 -0.66031485795974731445 -0.13624618900073690031 -0.22503122811922801616 9.0356176967084405049
1648858967.3561592102 -0.51945781707763671875 0.016857355833053588867 -0.65264797210693359375 -0.11399171449416316271 -0.24240108152255415708 10.135134935390949451
1648858967.3661823273 -0.51750391721725463867 0.002074186224490404129 -0.64485251903533935547 0.03382702382496790422 -0.38397272159606216091 10.734404312354325128
1648858967.3762013912 -0.52006018161773681641 -0.010481078177690505981 -0.63744205236434936523 0.088819827304081985786 -0.58608712970931076125 11.134387965291738354
1648858967.3862168789 -0.51728266477584838867 -0.013940200209617614746 -0.63489323854446411133 0.075416534877591756558 -0.89736867257133123843 10.607093106693028517
1648858967.3962340355 -0.52218645811080932617 0.0040376652032136917114 -0.64155077934265136719 0.15514018323142081401 -0.9508019373994319734 9.8691353900074947347
1648858967.4062530994 -0.51767426729202270508 0.023655075579881668091 -0.65585052967071533203 0.23575322273960336306 -0.89811890641674396729 8.759245810392497944
1648858967.4162678719 -0.52109140157699584961 0.04071731865406036377 -0.66484320163726806641 0.23442471408220005857 -0.74628284276463086044 9.1888045173823833522
1648858967.4262850285 -0.51647359132766723633 0.048687811940908432007 -0.66494739055633544922 0.31724615035485476122 -0.60612044843453904974 9.892563027346133353
1648858967.436303854 -0.51929295063018798828 0.047083709388971328735 -0.66282838582992553711 0.33846908072344955576 -0.56215165244638920505 10.074632243633269368
1648858967.4463186264 -0.51518464088439941406 0.033901650458574295044 -0.65909796953201293945 0.23537556679993865139 -0.46971937939934427231 9.9847304389119138079
1648858967.4563353062 -0.51891863346099853516 0.021830204874277114868 -0.65834802389144897461 0.033209191037435081828 -0.32418252548929299417 9.5080522533506144356
1648858967.4663543701 -0.51777929067611694336 0.008669205009937286377 -0.65924686193466186523 -0.083144832141278310345 -0.35904246114213017593 9.3026512613147485098
1648858967.476369381 -0.52108186483383178711 -0.015590836293995380402 -0.66199147701263427734 -0.17962016090089455433 -0.34696766367331144387 9.2555656850129359725
1648858967.4863860607 -0.51961696147918701172 -0.022372495383024215698 -0.66178673505783081055 -0.32937516222894192008 -0.54500813687853510991 9.3898940759599209827
1648858967.4964046478 -0.5234807133674621582 -0.023471366614103317261 -0.65560251474380493164 -0.48038679428827013584 -0.53949035983774806802 10.24865376254320104
1648858967.5064196587 -0.52033817768096923828 0.0029913093894720077515 -0.64295047521591186523 -1.1476768739566205468 -0.93604224822819226404 10.350517223215103257
1648858967.5164365768 -0.52148365974426269531 0.026656800881028175354 -0.62375611066818237305 -1.2745483730264006716 -0.65233979982845480272 11.060607274287939106
1648858967.5264549255 -0.51489633321762084961 0.045571863651275634766 -0.59849935770034790039 -1.3744072158776223791 -0.40325357798617328386 10.086256045931577319
1648858967.5364701748 -0.51905834674835205078 0.035933472216129302979 -0.58522248268127441406 -1.0954789961423723188 -0.39166495659910138816 9.3755890717536196632
1648858967.5444889069 -0.517612457275390625 0.0077972440049052238464 -0.58390271663665771484 -1.0171936871957032444 -0.24296203987356274068 8.3805948683410882438
1648858967.5545096397 -0.52274936437606811523 -0.016255311667919158936 -0.58532863855361938477 -1.088502873519435532 -0.33945421930328006921 8.5419766859084358401
1648858967.5645265579 -0.52173149585723876953 -0.032469842582941055298 -0.58748096227645874023 -1.2416148023262618683 -0.56410315184034398595 8.8178821237564086744
1648858967.574545145 -0.52694481611251831055 -0.03067728877067565918 -0.59014582633972167969 -1.0580872039243578442 -0.45316367365680632062 9.5635824173927304059
1648858967.5845718384 -0.52306079864501953125 -0.023453738540410995483 -0.59183442592620849609 -0.79826269391402593367 -0.38997678431645033115 11.003881762981414738
1648858967.5945887566 -0.52446669340133666992 -0.012573021464049816132 -0.59183812141418457031 -0.47007772785034029894 -0.40104087037276475725 11.980298691695928426
1648858967.6046073437 -0.51980835199356079102 -0.0070807207375764846802 -0.58500564098358154297 -0.37492147319950158701 -0.67015171617716551289 11.745517291396856407
1648858967.6146278381 -0.52104294300079345703 0.016725031659007072449 -0.57766503095626831055 -0.86535908484831447485 -1.0639151063602416691 10.235551119863986358
1648858967.6246440411 -0.51461035013198852539 0.055180285125970840454 -0.57070195674896240234 -1.47724799714907995 -1.1372281798522918539 8.8363512619048343311
1648858967.6346623898 -0.51949959993362426758 0.074661195278167724609 -0.57255214452743530273 -1.6682066223345695111 -0.24674860920757055172 8.3372134072542181116
1648858967.6446826458 -0.5180098414421081543 0.07479391247034072876 -0.57086062431335449219 -2.0063838074393567368 0.08880241037840022611 8.5879493325322862063
1648858967.6546993256 -0.52377998828887939453 0.036156754940748214722 -0.56673151254653930664 -2.298459166582673685 0.023119290625385473248 9.0757042079031453596
1648858967.6647181511 -0.5215733647346496582 0.0092697842046618461609 -0.54650378227233886719 -2.511009299720823762 0.032046618098043835876 9.5520696742534632051
1648858967.6747386456 -0.52748703956604003906 -0.0049414392560720443726 -0.5214080810546875 -2.4974296871796251018 -0.17064851707918568535 10.513275005310772414
1648858967.6847548485 -0.52595567703247070312 -0.017176643013954162598 -0.50417315959930419922 -2.0440888303250073221 -0.15185775489411315609 10.839774904364347208
1648858967.6947731972 -0.52558863162994384766 -0.0095992852002382278442 -0.49202692508697509766 -1.7623599470205604245 -0.37064788753353056228 10.956546011310814848
1648858967.7047936916 -0.5193653106689453125 -0.0080799032002687454224 -0.48092591762542724609 -1.7803626367010174647 -0.58202342393435535506 10.409828659361600955
1648858967.7148098946 -0.52312731742858886719 -0.0074902870692312717438 -0.47266918420791625977 -1.4641393631204961956 -0.55763771868590261693 9.6484170018523922607
1648858967.7248284817 -0.51907891035079956055 0.0035993154160678386688 -0.47366282343864440918 -1.234518998846411586 -0.65332464614734053754 9.0784742571383709731
1648858967.7348489761 -0.52513724565505981445 -0.0040379739366471767426 -0.4829082190990447998 -1.0014512705974281115 -0.50373128338810058136 8.7295924304068091004
1648858967.7448651791 -0.52387547492980957031 -0.007668505888432264328 -0.49987637996673583984 -0.81017028158977621999 -0.41194655099697408129 9.2547274806231261124
1648858967.7548835278 -0.52620369195938110352 -0.01375588495284318924 -0.51617252826690673828 -0.85148786894939831882 -0.29913207272179420659 9.6113565604805941689
1648858967.7649040222 -0.52431792020797729492 -0.037733003497123718262 -0.52990859746932983398 -0.88141619341894983375 -0.25365380375245583089 9.9253243102192865166
1648858967.7769241333 -0.52496439218521118164 -0.036141309887170791626 -0.5439307093620300293 -0.75412873395942148225 -0.60396111497618254482 10.005884286099671954
1648858967.7869400978 -0.52237439155578613281 -0.031044121831655502319 -0.5576572418212890625 -0.66768649510741229225 -0.73408628207966686308 10.11342462336421022
1648858967.796964407 -0.5250867009162902832 -0.01721893996000289917 -0.5661475062370300293 -0.35946167293488978656 -0.71313964790180317532 10.340485658544301018
1648858967.8069844246 -0.5192521214485168457 0.0050935815088450908661 -0.5755087733268737793 -0.074299271517805756671 -0.65007528896257282813 10.454675516825913562
1648858967.8170008659 -0.52188944816589355469 0.0091090695932507514954 -0.58857423067092895508 0.11879273983403108861 -0.52659299393966796377 10.513872386682033166
1648858967.8270192146 -0.51501137018203735352 0.0083541525527834892273 -0.59927070140838623047 0.28276279292944817012 -0.59205308890901497954 10.246761080664395394
1648858967.8370394707 -0.51887714862823486328 0.010016082786023616791 -0.60621047019958496094 0.11845884083770215345 -0.76145973443463443875 9.632535542109607718
1648858967.8470556736 -0.51639115810394287109 0.0043074837885797023773 -0.61254411935806274414 -0.081289459198713304167 -0.65035922047048799755 8.9650378475725638339
1648858967.8570740223 -0.52182841300964355469 0.011301759630441665649 -0.62342250347137451172 -0.016331352084886747306 -0.52954464681949464655 8.6943796627283091993
1648858967.8670942783 -0.51813495159149169922 0.012515595182776451111 -0.63355070352554321289 -0.10113847999875433259 -0.21858870091633869626 9.170419550386069929
1648858967.8771104813 -0.52168184518814086914 -0.0032010604627430438995 -0.63408428430557250977 -0.34700547493305056168 0.10194223412969148634 9.6713156468808652022
1648858967.88712883 -0.52060556411743164062 -0.016166906803846359253 -0.62683999538421630859 -0.39639326376263050999 -0.089176184727391222262 10.208957711970805704
1648858967.8971488476 -0.52295613288879394531 -0.039466261863708496094 -0.61750495433807373047 -0.1508894578512292306 -0.2040449195181019415 10.208022476947306245
1648858967.9071648121 -0.52098244428634643555 -0.061909250915050506592 -0.60721135139465332031 0.49113195058852432417 -0.55398547978866841124 10.147545504152773788
1648858967.9171831608 -0.52507644891738891602 -0.064569421112537384033 -0.60853821039199829102 0.98637886221520598706 -1.0524730903696268847 10.135962618386745504
1648858967.9272034168 -0.51982021331787109375 -0.054667960852384567261 -0.61539405584335327148 1.3245200261585412527 -0.97117267138548191152 10.153134702461956707
1648858967.9372191429 -0.52112734317779541016 -0.039997376501560211182 -0.63022899627685546875 1.5274233561597763131 -0.90702921197265384823 10.396140325748920219
1648858967.9472367764 -0.5150216221809387207 -0.012896594591438770294 -0.64239823818206787109 1.3038280973941087648 -1.0062206038910894712 9.9889109394669528541
1648858967.957256794 -0.51837646961212158203 0.016840729862451553345 -0.64933526515960693359 1.0590051955521107008 -1.070847609037160808 9.4353640337586401898
1648858967.9672727585 -0.51687651872634887695 0.048276904970407485962 -0.6560980677604675293 0.98345610663630067538 -1.0821216480497271029 9.0766072942227111753
1648858967.9772908688 -0.51714050769805908203 0.067421413958072662354 -0.65900200605392456055 0.85321323143728067251 -0.6881083747588098154 9.2978587663412088915
1648858967.9873111248 -0.51473319530487060547 0.05981618538498878479 -0.65286493301391601562 0.44992209791969506316 -0.16910804617153479823 9.7345369499474756481
1648858967.9973268509 -0.5190327763557434082 0.038306597620248794556 -0.63943129777908325195 0.27923370548784731682 -0.11812053052773698048 9.7857358067870130469
1648858968.0073447227 -0.51750493049621582031 0.013385687954723834991 -0.6299495697021484375 0.31815815063323821255 -0.081625778480991714736 10.14354971251487747
1648858968.0173704624 -0.52119070291519165039 -0.0032832087017595767975 -0.62861919403076171875 0.34110509178284553755 -0.12325562839386984548 10.088659599941967926
1648858968.0273866653 -0.5189030766487121582 -0.0055603869259357452393 -0.63620012998580932617 0.5480594142079352471 -0.16804041694002225249 10.069006804966926794
1648858968.0374047756 -0.52144920825958251953 -0.0057453843764960765839 -0.64964377880096435547 0.4980392822915687967 -0.060930086856894188907 9.8383193959832180298
1648858968.0474245548 -0.51811116933822631836 -0.0028857029974460601807 -0.65820384025573730469 0.31197076723519712171 -0.30027647525025530362 9.4270959716290221309
1648858968.0574402809 -0.51868909597396850586 0.0040467055514454841614 -0.66120237112045288086 0.17304713918613268131 -0.44890375119000669457 9.0671701883137227895
1648858968.0674581528 -0.51571953296661376953 0.015254447236657142639 -0.66425645351409912109 0.091207663155533372223 -0.37349173265732821259 9.2424478447645892487
1648858968.0774776936 -0.5211086273193359375 0.014632841572165489197 -0.65776973962783813477 -0.10408271675710566162 -0.27418080601245164996 9.8426460270106783668
1648858968.0874934196 -0.51839101314544677734 0.010614188387989997864 -0.64511531591415405273 -0.25998426714930683579 -0.12500423476002178735 10.089671991854904931
1648858968.0975110531 -0.52213847637176513672 -0.0076405624859035015106 -0.63210541009902954102 0.062269011877034784186 -0.22492530179303138471 10.181164865159987087
1648858968.1075310707 -0.51811194419860839844 -0.025058759376406669617 -0.62295049428939819336 0.52443018988259137991 -0.46895800310540941558 9.7585947018831955546
1648858968.1175467968 -0.52192831039428710938 -0.024656733497977256775 -0.62107801437377929688 0.96720522905923422829 -0.83527461996898044738 9.837253228056431098
1648858968.1275644302 -0.52001595497131347656 -0.019441906362771987915 -0.6292476654052734375 1.179879719229415036 -0.6885244812790304314 10.353064569610356926
1648858968.1375844479 -0.52176040410995483398 -0.00068137678317725658417 -0.63481134176254272461 1.0082230297546832531 -0.70008449762612579015 10.39693176838755484
1648858968.147600174 -0.51587826013565063477 0.016752649098634719849 -0.63860327005386352539 0.91607965665161605884 -0.87069861924536517961 10.52054061239957683
1648858968.1576178074 -0.51637727022171020508 0.030313771218061447144 -0.64238023757934570312 0.74935216720737507501 -0.76161923584528268272 9.6070877971202133239
1648858968.1676375866 -0.51541829109191894531 0.042109634727239608765 -0.64743882417678833008 0.57721660817451769798 -0.67589310937337576668 9.2033766480922700737
1648858968.1776530743 -0.51777499914169311523 0.036355685442686080933 -0.65290206670761108398 0.2685688113495707241 -0.37673279693778599642 8.6389740018486964601
1648858968.1876707077 -0.51586306095123291016 0.028139641508460044861 -0.65275979042053222656 0.0034973611460649405708 -0.18420694070188328717 8.7856562629342072057
1648858968.1976904869 -0.52195459604263305664 0.015761798247694969177 -0.64768761396408081055 -0.03677278810341376436 -0.040299048833688719262 9.4183503551155318689
1648858968.2077059746 -0.51839548349380493164 -0.00023767095990478992462 -0.64303189516067504883 0.19437279927683992486 0.030218311258917673195 9.9917598991572855738
1648858968.217723608 -0.52203124761581420898 -0.035978272557258605957 -0.63490635156631469727 0.68386167709976430906 0.15893794981287792667 11.229188063448667378
1648858968.2277431488 -0.51761591434478759766 -0.066332809627056121826 -0.62519145011901855469 0.83435450944937761264 -0.42698743172977116078 11.15597085154652568
1648858968.2377643585 -0.52158999443054199219 -0.082192175090312957764 -0.61231023073196411133 0.86075897064171724704 -1.0306778034731745031 11.096531989628076076
1648858968.247781992 -0.51873660087585449219 -0.077314257621765136719 -0.61351895332336425781 0.87190251514241090547 -1.2529577418565749358 10.088266801232098402
1648858968.2578015327 -0.5223763585090637207 -0.046726964414119720459 -0.62021863460540771484 0.77979801274500781805 -1.3955664698928593737 9.4724408417433494378
1648858968.2678172588 -0.51944398880004882812 -0.025061570107936859131 -0.6327025294303894043 0.76511569965891534917 -1.2419305902771651251 8.8393673948556177322
1648858968.2778348923 -0.52176678180694580078 0.0081107895821332931519 -0.64385682344436645508 0.77243303693495690698 -0.9477171231266110496 8.4792434586197131807
1648858968.2878546715 -0.51677632331848144531 0.022507613524794578552 -0.65733534097671508789 0.88145879045166064536 -0.74502012935243544511 9.2131603754818431895
1648858968.2978701591 -0.52018725872039794922 0.025132887065410614014 -0.66485828161239624023 1.1936480592757463537 -0.37994931129887699051 9.3090026761680828571
1648858968.3078875542 -0.51626121997833251953 0.010243945755064487457 -0.66327279806137084961 1.4220311368398368401 -0.63498724461980160516 10.081936429166793445
1648858968.3179066181 -0.5219281315803527832 -0.006531651131808757782 -0.65320920944213867188 1.1549782099459320328 -0.99705486226938655481 9.7446053394973279893
1648858968.3279221058 -0.52044445276260375977 -0.014133273623883724213 -0.6409613490104675293 1.1331363074287772452 -1.1380641192197797906 9.6025343715995550298
1648858968.3379406929 -0.52648806571960449219 -0.012269572354853153229 -0.62545192241668701172 1.1120468307141213593 -1.2948676690861582461 9.1954020159512754873
1648858968.3479599953 -0.52213472127914428711 -0.0027362485416233539581 -0.60533738136291503906 1.0359409846983849146 -1.2063199823874979355 9.1419521653145547901
1648858968.3579754829 -0.52629756927490234375 0.012195854447782039642 -0.58823698759078979492 1.1951527647502719898 -0.82545012217760083129 10.16064814683198847
1648858968.367992878 -0.52031892538070678711 0.021962298080325126648 -0.57291895151138305664 1.3077454169683158103 -0.50318501114957037146 10.999521229684352974
1648858968.3780117035 -0.51868158578872680664 0.019780240952968597412 -0.55337482690811157227 1.1386218992330132682 -0.67853463685810566641 11.403498336172102512
1648858968.3880267143 -0.51574677228927612305 0.024990834295749664307 -0.53150045871734619141 0.90602726838849478863 -0.99892094840221101748 10.939908180242776226
1648858968.3980438709 -0.52112698554992675781 0.032967142760753631592 -0.50909835100173950195 0.62658101612851024864 -1.0279074619770049992 10.292855307841300316
1648858968.4080631733 -0.51854276657104492188 0.03689507022500038147 -0.49363040924072265625 0.29160867321332917257 -0.95689163257665921236 9.3153201887518157776
1648858968.4180784225 -0.52275139093399047852 0.039417292922735214233 -0.48254480957984924316 0.28472490504896263985 -0.46104536681734020753 8.9402324921399340951
1648858968.4280958176 -0.5217368006706237793 0.029872091487050056458 -0.47067290544509887695 0.2641735355326905732 0.083477872621081763982 8.8926003878712656103
1648858968.4381151199 -0.52567619085311889648 0.02171878516674041748 -0.46775716543197631836 0.25005258265640584181 0.15626641078237443749 9.0731130223661651257
1648858968.4481303692 -0.52136361598968505859 0.015880947932600975037 -0.46645325422286987305 0.06792671341174282007 0.097442146231466894579 9.340864379853009325
1648858968.4581534863 -0.52564138174057006836 0.015674587339162826538 -0.46088075637817382812 -0.11699518889277241152 0.10213708998151123375 9.9092078726768484387
1648858968.4681723118 -0.52574115991592407227 0.009097208268940448761 -0.45227473974227905273 -0.22774843292236326975 -0.020451160544808954372 10.261455960971115786
1648858968.4781873226 -0.52940350770950317383 -0.0042696259915828704834 -0.44740921258926391602 -0.11594262023307382037 -0.0044906853156397117527 10.891805535852908449
1648858968.4882044792 -0.52514678239822387695 -0.010424275882542133331 -0.4416637122631072998 -0.17681763416817411483 -0.039482942111254665241 10.351235016095637675
1648858968.4982235432 -0.52715444564819335938 -0.010631917975842952728 -0.44382128119468688965 0.092243381145130837195 -0.090049524362664667976 9.8481510541677472759
1648858968.508238554 -0.5205891728401184082 -0.0058294180780649185181 -0.45721650123596191406 0.41349020024240012994 -0.045295213153166695441 9.6235274752676485122
1648858968.518255949 -0.52142006158828735352 -0.0015208371914923191071 -0.47196540236473083496 0.26788782508177683139 -0.28281054106131192638 9.8051518703967328605
1648858968.528275013 -0.51804065704345703125 0.010623465292155742645 -0.47784313559532165527 0.14643007642272859448 -0.69604742412976916555 9.489690082707999963
1648858968.538289547 -0.52478736639022827148 0.01289126276969909668 -0.48343688249588012695 0.19273202806618064398 -0.75733768606856466388 9.6903418343901623899
1648858968.5483064651 -0.52044832706451416016 0.013580657541751861572 -0.48626786470413208008 0.21883504036022349837 -0.62683469862863416822 10.577481227761506233
1648858968.5583252907 -0.52143490314483642578 0.007943544536828994751 -0.48644122481346130371 0.017400782831129616574 -0.51351022500470278054 9.9441903387308112627
1648858968.5683403015 -0.51852053403854370117 0.016272647306323051453 -0.48911529779434204102 0.14819668423645196431 -0.73450333844795823168 9.155739283126592909
1648858968.5783572197 -0.52204406261444091797 0.029806667938828468323 -0.50188213586807250977 0.23612505172668024622 -0.66206500196382400691 8.6869316848099220607
1648858968.5883760452 -0.52107512950897216797 0.048247832804918289185 -0.51692944765090942383 0.32182240876182910405 -0.50830396159850055327 9.1569919135361903528
1648858968.5983908176 -0.52545124292373657227 0.045239675790071487427 -0.51478922367095947266 0.093491335379611698042 -0.40743104633390903047 9.5706159692913281845
1648858968.608407259 -0.5223681330680847168 0.035026621073484420776 -0.49343878030776977539 0.095199792398465793442 -0.26891658360762521474 10.174159954833983832
1648858968.6184260845 -0.52502363920211791992 0.013912468217313289642 -0.4736118614673614502 0.21922928210850803343 -0.23911964869908985953 11.448619918924569205
1648858968.6284408569 -0.52262538671493530273 -0.0072857979685068130493 -0.45282781124114990234 0.13547525029401294439 -0.42311263612303878778 11.167309407162665735
1648858968.6384575367 -0.52509522438049316406 -0.0080479402095079421997 -0.44000211358070373535 0.25768786330781873195 -1.094316528234258179 9.8446252181291580285
1648858968.6484766006 -0.52366912364959716797 0.019817985594272613525 -0.43967485427856445312 0.39243422393854704433 -1.3031274017788470054 8.5589307433187951091
1648858968.6584913731 -0.52556055784225463867 0.056067332625389099121 -0.44794514775276184082 0.54085423206947735864 -0.94390516362302001596 8.6498683208286752944
1648858968.6685080528 -0.52466303110122680664 0.074391216039657592773 -0.45965823531150817871 0.58125740799792102731 -0.36035149791408327413 8.9861490246623745293
1648858968.6785266399 -0.52191847562789916992 0.067671477794647216797 -0.46212628483772277832 0.32429405957236884239 0.26957298342343416486 9.4069247057378291288
1648858968.6885414124 -0.51817810535430908203 0.044237889349460601807 -0.45531615614891052246 0.00014524455643258988528 0.23119490184811875011 10.118429299783706199
1648858968.7005562782 -0.5212535858154296875 0.011853583157062530518 -0.43930304050445556641 -0.45508068625926967332 -0.25454483430804680788 10.517294177824258128
1648858968.7105727196 -0.52162003517150878906 0.0002487149613443762064 -0.42473882436752319336 -0.68708787260465320479 -0.89641005667224515907 10.269631084120273812
1648858968.7205913067 -0.52638268470764160156 0.0072967973537743091583 -0.4231815040111541748 -0.47290407385006544283 -0.70870363821573556518 9.9488758661985396969
1648858968.7306058407 -0.5268853306770324707 0.020704472437500953674 -0.43721255660057067871 -0.26646164646986869595 -0.20708043302278963949 9.6092341614991418908
1648858968.7406225204 -0.52739322185516357422 0.023265831172466278076 -0.45984825491905212402 -0.051690974038303826033 0.095753215896990151457 9.8896334036350239671
1648858968.750641346 -0.52470874786376953125 0.0204868316650390625 -0.47514164447784423828 -0.18267023265389725761 0.44146775597035881056 9.4723964180797324275
1648858968.7606561184 -0.52680635452270507812 7.938081398606300354e-05 -0.48590591549873352051 -0.25646011161115017662 0.20903006925322115128 9.3680750428616992309
1648858968.7706727982 -0.52453190088272094727 -0.022516984492540359497 -0.49243491888046264648 -0.14430339399180375226 0.016016637279640415226 9.6172614006102072892
1648858968.7806913853 -0.52523726224899291992 -0.032287374138832092285 -0.4940020442008972168 -0.27458443664358928027 -0.40806412007305770118 9.5640541265577070362
1648858968.7907059193 -0.52434593439102172852 -0.022928539663553237915 -0.49574476480484008789 -0.13459462240142747169 -0.80961418207697566363 9.5154435326457011968
1648858968.800722599 -0.52711254358291625977 -0.0047048050910234451294 -0.50404518842697143555 -0.10811227366728708155 -0.68425805600620803748 9.622671735221146605
1648858968.8107411861 -0.52445745468139648438 0.017749529331922531128 -0.5126482844352722168 -0.045504581587528805664 -0.58742341981437051768 10.470546455174684297
1648858968.8207554817 -0.52466291189193725586 0.027599025517702102661 -0.51814645528793334961 -0.14391061354824341567 -0.46468997039739040611 9.8622637506723389578
1648858968.8307719231 -0.52286756038665771484 0.029197933152318000793 -0.52260774374008178711 -0.021957742882589809108 -0.4322215695235878119 9.8494346642374992484
1648858968.8407905102 -0.5230725407600402832 0.020698383450508117676 -0.53091895580291748047 -0.078631555967917654559 -0.35743367423862215659 10.358147571963071343
1648858968.8508050442 -0.51986050605773925781 0.0096427844837307929993 -0.53450995683670043945 -0.37055005318224426558 -0.56477440216541285878 10.489281550782918018
1648858968.8608214855 -0.52161645889282226562 0.0036827961448580026627 -0.52975791692733764648 -0.4067205234443768691 -0.8766271325115113644 10.048921463793515585
1648858968.8708457947 -0.51934343576431274414 0.014566277153789997101 -0.52900987863540649414 -0.36032260061316190303 -0.90994765670262267587 9.4407468958407640969
1648858968.8808600903 -0.52292174100875854492 0.030710840597748756409 -0.53465974330902099609 -0.20443258539512751404 -0.93760043745562426931 9.5462764778047795033
1648858968.8908765316 -0.5200716853141784668 0.042652342468500137329 -0.54231292009353637695 -0.010225880524859530529 -0.72359462561644605216 9.189377348834275594
1648858968.9008946419 -0.52207362651824951172 0.041070777922868728638 -0.54687666893005371094 0.056408823739900249006 -0.3416767541909589978 9.398791083642839439
1648858968.9109089375 -0.51964163780212402344 0.02255237288773059845 -0.54786443710327148438 0.0589167423070641183 -0.017903540154919028032 10.049137736892699735
1648858968.9209251404 -0.52108609676361083984 0.00011637224815785884857 -0.5448424220085144043 -0.076549963920889418922 -0.19675147457430139375 10.40853569694161429
1648858968.9309434891 -0.5220355987548828125 -0.015601015649735927582 -0.53289359807968139648 -0.21160987487966192999 -0.74299234985187645464 10.239532882976531525
1648858968.9409575462 -0.52324479818344116211 -0.01201857440173625946 -0.52021795511245727539 -0.051410408097831532259 -1.0963620625872163572 9.7307983479410395944
1648858968.9509737492 -0.52271330356597900391 0.0086123868823051452637 -0.51712298393249511719 0.21859913097880778743 -1.0689467438519000275 9.7576980453044175334
1648858968.9609920979 -0.52490067481994628906 0.025077588856220245361 -0.51935636997222900391 0.48450285130497067199 -0.76063292822167272167 9.7025869834572073813
1648858968.9710063934 -0.5216846466064453125 0.036652151495218276978 -0.5220254063606262207 0.32643757440708576212 -0.54711921074837444046 9.3730259432673452835
1648858968.9810223579 -0.5225302577018737793 0.032376050949096679688 -0.5180835723876953125 0.14777606593789532896 -0.41956696287281808333 9.3272841827899206635
1648858968.9910407066 -0.51840502023696899414 0.028004476800560951233 -0.51475536823272705078 0.19497924073738975848 -0.28162244552159682032 9.7918487367093565155
1648858969.0010552406 -0.52302718162536621094 0.010587382130324840546 -0.50778752565383911133 -0.25358517722934481586 -0.42849144308455283658 10.080027380675076643
1648858969.0110712051 -0.52011305093765258789 -0.00024484290042892098427 -0.49948740005493164062 -0.44182979421578344459 -0.71636014431826766646 10.194591332966089325
1648858969.0210895538 -0.52183133363723754883 0.0051412223838269710541 -0.49146872758865356445 -0.4760908506600186052 -0.70167878108024595019 10.416119283938407136
1648858969.0311038494 -0.51955866813659667969 0.013956470414996147156 -0.50050342082977294922 -0.23376349196080117854 -0.50825153729151928417 10.364251149535178342
1648858969.0411200523 -0.5197003483772277832 0.01321558002382516861 -0.53100597858428955078 -0.10832726812483742251 0.081087324222736054113 9.9017388519704336858
1648858969.051138401 -0.51738554239273071289 0.020307542756199836731 -0.57041639089584350586 -0.20169006348764523251 0.14226970534026622817 9.2761063687384126553
1648858969.0611524582 -0.52042043209075927734 0.019389633089303970337 -0.61166960000991821289 -0.2577151349072344666 -0.19239410134870557623 8.9378897284060716544
1648858969.0711686611 -0.51719290018081665039 0.020144371315836906433 -0.63940370082855224609 -0.38195560961998997751 -0.29470682189175856358 9.0711946215242136304
1648858969.0811870098 -0.51937532424926757812 0.026290666311979293823 -0.65201359987258911133 -0.62273734631240362791 -0.32170375081822272234 9.5122567193031297705
1648858969.0912072659 -0.51869964599609375 0.020625350996851921082 -0.65626752376556396484 -0.62943516345061356621 -0.20952311346717178431 10.103856000030040363
1648858969.1012229919 -0.51858788728713989258 0.022863451391458511353 -0.65917801856994628906 -0.42119215292185541166 -0.13262740484853274836 10.248751962220667977
1648858969.1112406254 -0.51788508892059326172 0.011331025511026382446 -0.66492509841918945312 -0.33725444423668082816 -0.25273869820153338495 9.9601220673561083885
1648858969.1212544441 -0.52027285099029541016 -0.00023725494975224137306 -0.66571044921875 -0.31076665214244275637 -0.29100035032294691018 9.3910110972911109428
1648858969.1312701702 -0.51975589990615844727 -0.011379514820873737335 -0.66495883464813232422 -0.29909406053265552572 -0.33217009017709642205 9.1495363368332380816
1648858969.1412880421 -0.52216726541519165039 -0.025559943169355392456 -0.66346734762191772461 -0.23985958034619686563 -0.33225364027470349892 9.7192405966162667141
1648858969.1513018608 -0.51903897523880004883 -0.028314698487520217896 -0.6554381251335144043 -0.28734582813708109406 -0.47364798755254594598 9.8724975599169724205
1648858969.1613180637 -0.52134466171264648438 -0.025447076186537742615 -0.64535176753997802734 -0.3205645541878416882 -0.8232596994612365604 9.7902833870887757683
1648858969.171336174 -0.51931869983673095703 -0.01300043892115354538 -0.63666421175003051758 -0.098251681649219241299 -1.074394049472361834 9.9652179291903966174
1648858969.1813499928 -0.51962292194366455078 0.0099511081352829933167 -0.63246446847915649414 0.21957363856676964664 -1.1502616297528147626 10.388734433406590085
1648858969.1913657188 -0.51805394887924194336 0.025840342044830322266 -0.62711656093597412109 0.10721969960858113158 -0.95487357075251633187 10.426901374715566106
1648858969.2013833523 -0.51822072267532348633 0.027596127241849899292 -0.61988675594329833984 0.17085107218027115183 -0.80667016451433293245 10.573263317805528416
1648858969.211397171 -0.51330417394638061523 0.023189378902316093445 -0.62181383371353149414 0.3584181552313268071 -0.53829899462871255711 10.063788193535804893
1648858969.2214128971 -0.5182864069938659668 0.0074012144468724727631 -0.63188385963439941406 0.26805445035295560885 -0.4006130734147503869 9.187721982842683488
1648858969.2314302921 -0.51678001880645751953 -0.0088269375264644622803 -0.64546149969100952148 -0.057968871564278372233 -0.54372675529848779608 8.5810958133757111455
1648858969.2414443493 -0.52192467451095581055 -0.0098288338631391525269 -0.65422433614730834961 -0.16084449582025409087 -0.74264938163310290076 8.4461565970540046777
1648858969.2514600754 -0.52040463685989379883 -0.010323389433324337006 -0.65644240379333496094 -0.10833473904523997777 -0.61754591514915224693 9.1883789854466915159
1648858969.2614779472 -0.52110809087753295898 -0.019452238455414772034 -0.65377515554428100586 -0.090893701835535467559 -0.22289854520577936925 10.625960304248332378
1648858969.2714915276 -0.51729685068130493164 -0.037412736564874649048 -0.6376202702522277832 -0.41314967970903959671 -0.14496888129636645304 11.573414173328876231
1648858969.2815070152 -0.51793491840362548828 -0.059070155024528503418 -0.61799997091293334961 -0.31643490703720594803 -0.36715975315682586322 11.934787817364929552
1648858969.2915248871 -0.51402866840362548828 -0.074401624500751495361 -0.606990814208984375 -0.31995263283457603398 -0.88488657294325523406 10.44875197199582928
1648858969.3015387058 -0.51830995082855224609 -0.0592843666672706604 -0.61016422510147094727 -0.2077815670294687056 -1.3338823132656514314 9.2485993531316506022
1648858969.3115603924 -0.51774549484252929688 -0.026443066075444221497 -0.62483823299407958984 -0.11468345048483460924 -1.2525861320652067477 8.2613968265086406007
1648858969.3215782642 -0.5224978327751159668 0.0051166983321309089661 -0.64536434412002563477 0.22899485278688369583 -0.8494770405836402638 8.5276325187355279667
1648858969.3315925598 -0.52154779434204101562 0.034449357539415359497 -0.66756618022918701172 0.47839839695002878139 -0.4726739914212375604 8.778590562331675784
1648858969.3416082859 -0.51857995986938476562 0.032183691859245300293 -0.6852766871452331543 0.40576252859979866638 -0.12429434205815195758 9.7333001016288989149
1648858969.3516256809 -0.51672124862670898438 0.023738766089081764221 -0.69033908843994140625 0.068518943683849642401 -0.25987961946474386066 9.8802120798170562921
1648858969.3616392612 -0.51884239912033081055 0.011900053359568119049 -0.68575775623321533203 -0.17205242906035853045 -0.55017900017779319821 9.8872216663181777818
1648858969.3716549873 -0.51869922876358032227 -0.002600541338324546814 -0.68571037054061889648 -0.36041963124684989195 -0.65672860937193033859 9.5855166013032189198
1648858969.3816726208 -0.52386564016342163086 0.0041928407736122608185 -0.68754673004150390625 -0.48643670544438061265 -0.59823126608729360054 9.6258258153378957189
1648858969.3916864395 -0.51972162723541259766 0.0075211082585155963898 -0.68778139352798461914 -0.4661632943529635531 -0.20448873602915554337 10.152772298890351266
1648858969.4017021656 -0.52147287130355834961 0.0027009302284568548203 -0.68755799531936645508 -0.14999380591944791452 -0.040150703571294431293 10.834748016113042723
1648858969.4117200375 -0.51726114749908447266 -0.0031601299997419118881 -0.68259406089782714844 -0.14172599038500338642 -0.31214243400767444081 11.194612424629925229
1648858969.4217336178 -0.51556009054183959961 -0.013133865781128406525 -0.6751956939697265625 -0.20960330256391315751 -0.57534124275669451531 10.911149703270195843
1648858969.4317493439 -0.51269447803497314453 -0.022063728421926498413 -0.66778957843780517578 -0.13017360022193752433 -0.88733564659580588252 10.055593196642398368
1648858969.4417669773 -0.51708829402923583984 -0.022353207692503929138 -0.67096710205078125 -0.12749914771514012091 -0.98381756035983558561 8.9112758622467520553
1648858969.4517800808 -0.51677548885345458984 -0.020448250696063041687 -0.67871463298797607422 -0.21118198659010231633 -0.95023524342738086013 8.2957176137834789387
1648858969.46179533 -0.52108073234558105469 -0.013853290118277072906 -0.6831448674201965332 -0.17835107254683971179 -0.80716094370596103147 8.6475875164151183583
1648858969.4718127251 -0.52088809013366699219 -0.0050898995250463485718 -0.68396556377410888672 -0.090554396011726920324 -0.63540276661813255288 9.2609263352632513744
1648858969.481826067 -0.52238833904266357422 -0.0073103150352835655212 -0.68203949928283691406 0.10332589790727943202 -0.48876971496921028937 10.360738172978162908
1648858969.4918417931 -0.51832747459411621094 -0.017905307933688163757 -0.6753908991813659668 0.024876333743031133622 -0.50985502696540208056 10.842194824987648971
1648858969.5018594265 -0.51913809776306152344 -0.022954124957323074341 -0.66660594940185546875 -0.041118128397921095696 -0.68009194930270311374 10.853076284486053993
1648858969.51187253 -0.51287251710891723633 -0.033432211726903915405 -0.66638666391372680664 -0.10033493593037128011 -0.88298322353996328005 10.044953729206323345
1648858969.5218877792 -0.518798828125 -0.021561147645115852356 -0.67229998111724853516 -0.094710337514244014034 -0.99511468798704438843 9.3707866399079549069
1648858969.5319108963 -0.51777625083923339844 -0.0087314248085021972656 -0.67952328920364379883 -0.13395731087857856711 -0.82077599288672209443 9.4706036894440650542
1648858969.541924715 -0.51964163780212402344 -0.004907270427793264389 -0.68214154243469238281 -0.067116995330899945071 -0.67661828184276817666 9.816128606963157921
1648858969.5499420166 -0.51666098833084106445 -0.0054191863164305686951 -0.68070697784423828125 0.19574604212511328982 -0.72719199252128596811 10.618739120823144972
1648858969.559961319 -0.51938468217849731445 -0.012572882696986198425 -0.67485958337783813477 0.13704084650976583459 -0.70837075299955898355 10.662310551524161184
1648858969.5699768066 -0.51638519763946533203 -0.023105377331376075745 -0.67113381624221801758 0.22344057966060934528 -0.82291030150167643331 10.32337553378939532
1648858969.5799939632 -0.51680260896682739258 -0.021915946155786514282 -0.67550396919250488281 0.26359540685117244241 -1.1059460296209902008 9.3315628830224266466
1648858969.5900132656 -0.51544988155364990234 -0.0097283627837896347046 -0.6873944401741027832 0.17220097068557516096 -1.0880893242824822842 8.9138635406523931692
1648858969.6000285149 -0.51877421140670776367 0.015226535499095916748 -0.69949477910995483398 0.011416170304949627839 -1.1351978430684654953 8.4476933051019909016
1648858969.6100459099 -0.51643294095993041992 0.039131250232458114624 -0.71205383539199829102 0.10048634536610916157 -0.71221383829377582497 8.9975986394375553346
1648858969.6200649738 -0.51984417438507080078 0.044458288699388504028 -0.72092360258102416992 0.24321128366058691883 -0.33351160444654520676 9.7995726089596750796
1648858969.6320841312 -0.51583957672119140625 0.030246119946241378784 -0.7260792851448059082 0.32998142102640121154 -0.20236301257945596421 10.777580606257915363
1648858969.6420996189 -0.51582324504852294922 0.010454022325575351715 -0.72584557533264160156 0.18350292061837389368 -0.16184925241600719992 10.884903501379488588
1648858969.6521165371 -0.51396507024765014648 -0.012593748047947883606 -0.72982800006866455078 0.0097421646866132499687 -0.54620794112235304674 10.460320829236506412
1648858969.6621353626 -0.51317793130874633789 -0.024372778832912445068 -0.7344754338264465332 -0.046304833153705107773 -0.663962506148219056 9.8418241892337796628
1648858969.6721503735 -0.51513910293579101562 -0.0099378218874335289001 -0.74139845371246337891 -0.31621344630625097816 -0.98411683556735507494 8.8013126817494633514
1648858969.6821672916 -0.51861202716827392578 0.0096648950129747390747 -0.74607825279235839844 -0.19906466515380888405 -1.0053974509399383752 9.07108940758407023
1648858969.6921861172 -0.51703798770904541016 0.028431553393602371216 -0.74733066558837890625 0.023917991838580926478 -0.71449215848930180961 9.3747590506702653812
1648858969.702201128 -0.51354545354843139648 0.03881429135799407959 -0.7478535771369934082 0.14368159056534057783 -0.3826530903648585058 10.217021775960921204
1648858969.7122182846 -0.51397180557250976562 0.026659555733203887939 -0.74447894096374511719 -0.013128277160681317906 -0.21234253653576595777 9.6793703585207460094
1648858969.7222373486 -0.51340192556381225586 0.011760239489376544952 -0.74122709035873413086 -0.020110311217885461915 -0.23937815350480376453 9.6830668749511232818
1648858969.732252121 -0.51486563682556152344 -0.013546070083975791931 -0.73598235845565795898 -0.19601888598343356063 -0.52608365617804231373 9.653329323813318652
1648858969.7422747612 -0.51902258396148681641 -0.029301181435585021973 -0.72896391153335571289 -0.45115646202024067835 -0.72857438679039476792 9.5608754965215911881
1648858969.7522938251 -0.51941794157028198242 -0.027061898261308670044 -0.72239065170288085938 -0.39690965231955049886 -0.97639530140459529495 9.4795492124438283099
1648858969.7623085976 -0.51980191469192504883 -0.018738508224487304688 -0.7215321660041809082 -0.040860582573432474573 -0.83724175532348443785 10.003498267745971617
1648858969.7723252773 -0.51972872018814086914 -0.013986267149448394775 -0.72274094820022583008 0.33345165442023422253 -0.59852692456562073264 10.734711770868301528
1648858969.7823441029 -0.51840323209762573242 -0.022740174084901809692 -0.72167301177978515625 0.25139868176942692379 -0.44039797131437807831 10.429577315926550796
1648858969.7923588753 -0.51456189155578613281 -0.029753869399428367615 -0.72211211919784545898 0.064422084557963527063 -0.69952218756824724455 9.5061975653946397813
1648858969.8023757935 -0.51579427719116210938 -0.029392646625638008118 -0.72609651088714599609 0.011457734149554744257 -0.945737932008132276 8.8535478958994140442
1648858969.8123941422 -0.5179284214973449707 -0.020036932080984115601 -0.73103487491607666016 -0.10424901323472149373 -0.9696409317735582567 8.7961846712112414792
1648858969.822409153 -0.52067542076110839844 -0.010575341992080211639 -0.72834974527359008789 -0.36961996925789858404 -0.90687029508389527255 9.13850465520918398
1648858969.8324260712 -0.52055495977401733398 0.0052174106240272521973 -0.72188496589660644531 -0.1572657605506479761 -0.7009185372974723327 9.8788127344131471119
1648858969.8424446583 -0.51871901750564575195 0.015315141528844833374 -0.71959221363067626953 0.2122635164828039489 -0.47429063283763822634 10.964032567673921648
1648858969.8524594307 -0.51571220159530639648 0.012870656326413154602 -0.71566832065582275391 0.20707851506033911337 -0.37783345165606585514 11.599294464516638925
1648858969.8624763489 -0.51558691263198852539 0.0046552154235541820526 -0.71060997247695922852 0.10602964044064282223 -0.52038117022011420865 10.757914951801298642
1648858969.872494936 -0.5148067474365234375 0.0075183738954365253448 -0.7132472991943359375 0.1254478503416757984 -0.80359820972308515508 9.7421263821631658431
1648858969.88250947 -0.51539272069931030273 0.0037380242720246315002 -0.72139978408813476562 0.11129374411446041337 -0.79113401107788083877 9.0668048621326686742
1648858969.8925263882 -0.51610350608825683594 0.004694147501140832901 -0.72905045747756958008 -0.075804008958372276483 -0.77715334345512088188 8.6835134007990362193
1648858969.9025452137 -0.51742225885391235352 0.012795262038707733154 -0.73063188791275024414 -0.1146434016022365443 -0.79169960907138881012 8.8201050605028861185
1648858969.9125599861 -0.51692998409271240234 0.019462902098894119263 -0.73119908571243286133 0.15724172208793460448 -0.72997570495568209203 9.4777114756226534809
1648858969.9225766659 -0.51770049333572387695 0.022085355594754219055 -0.73408448696136474609 0.4562068407449871299 -0.59485495805460952834 10.480714797967671359
1648858969.9325954914 -0.51584905385971069336 0.006743822246789932251 -0.73590898513793945312 0.35092425581198183338 -0.49633372048269952526 10.644225444257259028
1648858969.9426105022 -0.51667308807373046875 -0.0033876094967126846313 -0.73397159576416015625 0.19207495239693669897 -0.48211124346069988977 10.67170615637898301
1648858969.952627182 -0.51478940248489379883 -0.014156688004732131958 -0.73227989673614501953 -0.048219028177997093343 -0.65130534221418201479 9.8913086433708663492
1648858969.9626514912 -0.5160859227180480957 -0.018937263637781143188 -0.73442178964614868164 -0.24221889335606244797 -0.76974796256944533202 9.3731171286821357569
1648858969.9726660252 -0.5167942047119140625 -0.0069096158258616924286 -0.73450338840484619141 -0.41220271771512922987 -1.0470881093956529995 8.9855598265975711314
1648858969.9826829433 -0.51979607343673706055 0.0095561705529689788818 -0.73755270242691040039 -0.12693329399330541274 -0.87926588351726531201 9.4745404443711045417
1648858969.9927017689 -0.51744002103805541992 0.016748763620853424072 -0.74133729934692382812 0.14631814961400813058 -0.44917851301077749149 10.139752658319473255
1648858970.0027163029 -0.51460909843444824219 0.007878757081925868988 -0.73775810003280639648 0.094761126986565066832 -0.18038259664075448341 10.746555353397130972
1648858970.0127329826 -0.51451951265335083008 -0.002085019601508975029 -0.72852206230163574219 -0.066380264854454432144 -0.39007323042824859627 9.9778938708901403487
1648858970.0227513313 -0.51550400257110595703 -0.014622343704104423523 -0.72320330142974853516 -0.036035801898641507679 -0.61124184656888247424 9.5306907861381766622
1648858970.0327656269 -0.51523458957672119141 -0.017373358830809593201 -0.720348358154296875 -0.15347360172607002471 -0.67754840229973190002 9.3194001515418278814
1648858970.0427823067 -0.51859152317047119141 -0.017067622393369674683 -0.71283960342407226562 -0.46801104111149904874 -0.73696512545160941521 9.4240091115295889779
1648858970.0528004169 -0.51757293939590454102 -0.01200745999813079834 -0.70645505189895629883 -0.26812715026298533649 -0.7245560910597442783 9.6303389088481665681
1648858970.0628147125 -0.51719695329666137695 -0.0065791103988885879517 -0.70460861921310424805 0.18231299844775347707 -0.72872161324135953375 10.278319417488575027
1648858970.0728309155 -0.51614099740982055664 -0.0078674955293536186218 -0.70717620849609375 0.31899485718570647075 -0.56699843489043411093 10.668230589222908122
1648858970.0828492641 -0.51630479097366333008 -0.012598674744367599487 -0.70839989185333251953 0.20261899663452057063 -0.50576717312987895525 10.175166501528023488
1648858970.0928635597 -0.51572918891906738281 -0.0087017733603715896606 -0.71217650175094604492 0.19331086913375183922 -0.76983133000396186674 9.5637390692591655039
1648858970.1028797626 -0.51581466197967529297 -0.002956433221697807312 -0.72099334001541137695 0.20787605864619834728 -0.82581113750971846255 9.1958795703351494666
1648858970.1128981113 -0.51713442802429199219 0.0073563884943723678589 -0.73041224479675292969 0.033822203802666622741 -0.81112400211803614702 9.0735134198606015588
1648858970.1229121685 -0.51604306697845458984 0.015193760395050048828 -0.73561155796051025391 -0.090654047860763961597 -0.68627655622176819694 9.4904107981979848319
1648858970.1329283714 -0.51427048444747924805 0.023635031655430793762 -0.7415549159049987793 0.028327207132556941199 -0.48243956209961319503 9.8270638424754128692
1648858970.1429464817 -0.51493823528289794922 0.021492896601557731628 -0.75074225664138793945 0.22958419698216020466 -0.4344878704877569997 10.38282842423319785
1648858970.1529610157 -0.51350361108779907227 0.007979219779372215271 -0.7579943537712097168 0.19082027616072444465 -0.31191008655652402437 10.248191990250347772
1648858970.1629769802 -0.51321059465408325195 -0.0061258566565811634064 -0.76105910539627075195 -0.041575448277941899622 -0.42397195636611428871 9.6297333441704502377
1648858970.1730015278 -0.51651006937026977539 -0.01708721555769443512 -0.76446449756622314453 -0.10140920496522448646 -0.53776338991466909878 9.5604441193670020027
1648858970.1830163002 -0.51742637157440185547 -0.020633498206734657288 -0.7675984501838684082 -0.2663021633255295284 -0.58018700228743247393 9.3238752511292695146
1648858970.1930327415 -0.51608538627624511719 -0.01861443743109703064 -0.76425331830978393555 -0.41185244297273454483 -0.78943560966216019814 9.4765658127188672211
1648858970.2030508518 -0.51758342981338500977 -0.010132376104593276978 -0.7562122344970703125 -0.27200329757658764374 -0.80616550292782485077 9.4288016065031285962
1648858970.213064909 -0.51622146368026733398 0.0033055350650101900101 -0.74854987859725952148 0.13984013097262940062 -0.81575188111439345118 10.311160195338725742
1648858970.2230811119 -0.51778137683868408203 0.0091958204284310340881 -0.74076765775680541992 0.2598122533169575088 -0.62920310826040803942 10.875662210303543631
1648858970.2330994606 -0.51469856500625610352 0.012535529211163520813 -0.73055487871170043945 0.22404422637587412259 -0.6575397796243428461 10.854852061986923317
1648858970.2431137562 -0.51572746038436889648 0.007415566127747297287 -0.72381454706192016602 0.25323817215627059118 -0.70491520571820431851 10.232848290646074929
1648858970.2531299591 -0.51329290866851806641 0.0053866175003349781036 -0.72842925786972045898 0.21191848417110739633 -0.62308206809684629768 9.0525501268088817142
1648858970.2631485462 -0.51567441225051879883 0.0061712204478681087494 -0.73495370149612426758 -0.12562141681029459495 -0.72846749234981833521 8.4427435737401239635
1648858970.2731626034 -0.51733094453811645508 0.010820034891366958618 -0.73867815732955932617 -0.27658940152414140945 -0.58707376612648365377 8.3821397596955300457
1648858970.2831785679 -0.52092230319976806641 0.016990916803479194641 -0.73865795135498046875 -0.12373208679920061348 -0.45965183009970927985 9.345918156111240549
1648858970.2931962013 -0.51923394203186035156 0.0078123575076460838318 -0.73241913318634033203 0.096718754727207117972 -0.024830131397570946727 10.763984627103804215
1648858970.3032100201 -0.51806360483169555664 -0.022711031138896942139 -0.71922010183334350586 -0.00010076152731198817535 0.11815886237728408237 11.504959645783900513
1648858970.3132257462 -0.51694196462631225586 -0.051860563457012176514 -0.7044646143913269043 0.12620593869998120162 -0.19098465467588973676 11.842835509854554132
1648858970.323243618 -0.51702904701232910156 -0.074265837669372558594 -0.70003741979598999023 0.02652991191962500786 -0.79202796424292021271 10.301325030022859153
1648858970.3332574368 -0.51607239246368408203 -0.070952683687210083008 -0.70388448238372802734 0.049112232424365354078 -1.3067562598004935914 9.2125092180967325106
1648858970.3432738781 -0.51710307598114013672 -0.045751105993986129761 -0.71100634336471557617 0.1627507313003763445 -1.3882486942254006479 8.0107836508274079534
1648858970.35329175 -0.52065217494964599609 -0.01648836769163608551 -0.72309893369674682617 0.29525165109187362367 -1.2322227046027778297 8.1435426005005826511
1648858970.3633055687 -0.51751857995986938477 0.014537913724780082703 -0.73766887187957763672 0.54132469912543890178 -0.99229393147788935714 8.7365640229850995979
1648858970.3733212948 -0.51713323593139648438 0.035758938640356063843 -0.74618077278137207031 0.50880657735839485145 -0.55584217703863980642 9.860855052918195085
1648858970.3833389282 -0.51673555374145507812 0.040770757943391799927 -0.74408835172653198242 0.20276534630265086179 -0.53170668369159101996 10.392593446922301581
1648858970.3933589458 -0.51416343450546264648 0.0298815947026014328 -0.73544216156005859375 0.068997941106138743761 -0.57273263116087758107 10.465511383616924235
1648858970.4033746719 -0.51640325784683227539 0.014754446223378181458 -0.72602403163909912109 -0.056627046767575663078 -0.55586387741379439387 9.8812595430433738386
1648858970.4133923054 -0.51921892166137695312 0.0075640236027538776398 -0.71107321977615356445 -0.23392746861716731677 -0.8502937637940048976 9.1952453640848386129
1648858970.4234061241 -0.52048242092132568359 0.0015865761088207364082 -0.69960576295852661133 -0.19264928168617187487 -0.58325983386151492027 9.3795801872164012991
1648858970.4334218502 -0.52077788114547729492 0.0039019575342535972595 -0.69080954790115356445 0.207136382727418078 -0.30902594595495608276 10.157162058281897998
1648858970.4434392452 -0.51798111200332641602 -0.0053274701349437236786 -0.68527483940124511719 0.35221623185127970412 -0.29076312576727941783 10.95772440744042342
1648858970.4534533024 -0.5152289271354675293 -0.011988666839897632599 -0.67871266603469848633 0.28437910555228590459 -0.55472256189156321504 11.090694954037665809
1648858970.4634690285 -0.51447767019271850586 -0.013245346955955028534 -0.67014873027801513672 0.16976106672016902377 -0.9525530919156968146 10.675689088535309068
1648858970.4734866619 -0.51656997203826904297 -0.010829266160726547241 -0.66571927070617675781 -0.021719244251865891387 -1.1556626120135187197 9.4874957875341170421
1648858970.4835004807 -0.51683765649795532227 0.002699276898056268692 -0.66753590106964111328 -0.056723652709578159525 -1.0616864705253392653 8.89643952764272683
1648858970.4935162067 -0.52025628089904785156 0.014111220836639404297 -0.67023050785064697266 -0.11500409727394579618 -0.75707384750060735534 8.8407760926097633813
1648858970.5035338402 -0.51977711915969848633 0.02319135516881942749 -0.67314982414245605469 0.049463589445571415348 -0.55764681530781090579 9.3598473127424703932
1648858970.5135476589 -0.51975357532501220703 0.026067493483424186707 -0.67575049400329589844 0.37135377078056330813 -0.35512419171985237787 9.8899513835430141739
1648858970.5235631466 -0.52081674337387084961 0.016565367579460144043 -0.68051153421401977539 0.46875177647620436261 -0.14690852585574612488 10.406544815385341707
1648858970.5335810184 -0.51725572347640991211 -0.0042026042938232421875 -0.67302113771438598633 0.24595113868694751247 -0.26861769199259577512 10.260189886558055861
1648858970.5435948372 -0.52023720741271972656 -0.021437967196106910706 -0.66400808095932006836 0.23813880270188672594 -0.66943757655844093879 10.029465068173408326
1648858970.5536105633 -0.51756834983825683594 -0.022933416068553924561 -0.65494167804718017578 0.023591942788567393102 -1.0775107201881706231 9.3911619039386504681
1648858970.5666251183 -0.51913183927536010742 -0.013420343399047851562 -0.64364349842071533203 0.0014317589693237096123 -0.94278500048667190914 9.8038501401484001718
1648858970.576641798 -0.52245110273361206055 -0.0028156065382063388824 -0.63312727212905883789 0.3374578943869098735 -0.73915021440573036582 10.425255361074208693
1648858970.5866606236 -0.51759856939315795898 -0.009581997990608215332 -0.62780880928039550781 0.61495984417870641625 -0.52263673059456050574 10.943022512871026564
1648858970.596675396 -0.51720702648162841797 -0.0064121424220502376556 -0.62958866357803344727 0.71795106677152209507 -0.59484166018161921397 10.499712928426264469
1648858970.6066980362 -0.51404374837875366211 -0.0010204573627561330795 -0.63937985897064208984 0.67365950510241090488 -0.84564082342162727457 9.7644767456591115007
1648858970.6167166233 -0.51598095893859863281 0.014815236441791057587 -0.65665704011917114258 0.52007396743446587806 -1.0676531238447874994 9.2048005434155459881
1648858970.6267309189 -0.51206243038177490234 0.036040414124727249146 -0.67446756362915039062 0.24222386179212479496 -1.0766022270411252926 8.6891791714757680154
1648858970.6367473602 -0.51777678728103637695 0.060044199228286743164 -0.68702816963195800781 0.0081974948111688712704 -0.88570278469696639423 8.6494591555058946142
1648858970.6467654705 -0.51459389925003051758 0.073941536247730255127 -0.69174277782440185547 0.073591566206444983256 -0.50696142441574476578 9.3069638638168559197
1648858970.6567797661 -0.51541149616241455078 0.069238364696502685547 -0.6967690587043762207 0.29070808937810360684 -0.00091195461261086164639 10.208469051671027472
1648858970.666795969 -0.51483446359634399414 0.040506467223167419434 -0.69836860895156860352 0.15702707469025625753 0.27636127359038215046 10.480610753071307073
1648858970.6768143177 -0.51669716835021972656 0.010473207570612430573 -0.69535005092620849609 -0.024328853644814806695 0.12142221155478617745 10.526251391261816082
1648858970.6868286133 -0.51333326101303100586 -0.012869736179709434509 -0.69442790746688842773 -0.0058429139169922563596 -0.31834256728943433057 10.532722048580646756
1648858970.6968448162 -0.51719671487808227539 -0.025475522503256797791 -0.69469845294952392578 -0.18224528524009508956 -0.70146433461196711079 9.7133264041364189012
1648858970.7068629265 -0.51353752613067626953 -0.012880308553576469421 -0.6967989802360534668 -0.21276373935621231692 -1.0091105531789361649 9.1300916316509237447
1648858970.7168772221 -0.51874929666519165039 0.019443685188889503479 -0.70303583145141601562 0.0237370092484867172 -0.89524188967570661468 8.9791780166059727009
1648858970.7268936634 -0.51614463329315185547 0.042510978877544403076 -0.71242910623550415039 0.30721440302096303387 -0.56427255359049888206 9.4790962079793210648
1648858970.7369117737 -0.51835203170776367188 0.049000777304172515869 -0.71944534778594970703 0.3052524735645391063 -0.12531804081639275061 10.04329251799583389
1648858970.7469265461 -0.51363468170166015625 0.03665032610297203064 -0.7173398137092590332 -0.031375386039284053341 -0.017657030606031184211 9.7424537144213907425
1648858970.756942749 -0.51426184177398681641 0.023274397477507591248 -0.70795345306396484375 -0.047434467371297063532 -0.26926494038756937366 9.9282492577552794444
1648858970.7669610977 -0.51383948326110839844 -0.003116868436336517334 -0.70043718814849853516 -0.14261513951076193463 -0.54153267932031301513 9.7486560761928551244
1648858970.7769751549 -0.5195624232292175293 -0.016093648970127105713 -0.69008541107177734375 -0.23854615966007111649 -0.78054086700156322109 9.7612975311011069834
1648858970.7869913578 -0.5184662938117980957 -0.016803750768303871155 -0.68485903739929199219 -0.08236719883228652006 -1.0007701564654707393 9.6277863017559042191
1648858970.7970097065 -0.52226793766021728516 -0.0083625419065356254578 -0.68450361490249633789 0.25283821305325254736 -0.85875522960387162819 9.8652074029088012708
1648858970.8070237637 -0.51703667640686035156 -0.0096522541716694831848 -0.68974661827087402344 0.53571182767972347349 -0.46278000859022139224 10.400898333930967965
1648858970.817040205 -0.51963287591934204102 -0.018274948000907897949 -0.69185096025466918945 0.36005784872975199473 -0.10096082187690771925 10.096220975106954043
1648858970.8270642757 -0.51628017425537109375 -0.024282108992338180542 -0.69255340099334716797 0.16689944847766308156 -0.35276155424173921693 9.3402406949967140548
1648858970.8370785713 -0.51670449972152709961 -0.021181672811508178711 -0.69582527875900268555 0.045654018261888994201 -0.71045208931826053789 8.9177926967948675241
1648858970.8470947742 -0.51571410894393920898 -0.0064142122864723205566 -0.69770753383636474609 -0.10823058455102145536 -0.93119984969831992583 9.0124694608330724321
1648858970.8571128845 -0.51938605308532714844 0.01277974247932434082 -0.69499033689498901367 -0.20317191780954599323 -0.88806089213043448716 9.5361613265037536991
1648858970.8671269417 -0.51822578907012939453 0.036333598196506500244 -0.69245231151580810547 0.042331833302928133234 -0.60269719598758964008 10.135621257603167678
1648858970.877143383 -0.52060693502426147461 0.040665611624717712402 -0.69079893827438354492 0.36498522212933748321 -0.34414511706586925488 10.930123283809422219
1648858970.8871612549 -0.515132904052734375 0.031025800853967666626 -0.68920397758483886719 0.279540999605040974 -0.14525394531544297272 10.704827504736185162
1648858970.897175312 -0.51596045494079589844 0.022997764870524406433 -0.68716889619827270508 0.14436126165888271689 -0.37363925136923786807 10.053744938427209732
1648858970.907191515 -0.51173418760299682617 0.012110820971429347992 -0.68918603658676147461 0.10814325332744045838 -0.54816908512748774296 9.4822415202677241552
1648858970.9172098637 -0.51737475395202636719 0.0062602767720818519592 -0.68979883193969726562 -0.1037230074660852458 -0.78927917699143290697 9.2516645859211674718
1648858970.9272241592 -0.51716619729995727539 0.007408794015645980835 -0.68712311983108520508 -0.20963872093716634515 -0.86128540566861622185 9.4374975386559949442
1648858970.9372401237 -0.51900660991668701172 0.016674552112817764282 -0.68473249673843383789 -0.073520784258865740091 -0.76285864144712678403 9.3055037281364203494
1648858970.9472577572 -0.5178686976432800293 0.028484467417001724243 -0.68590080738067626953 0.2132323615149594731 -0.65328877111636096675 9.9104154949009419795
