1648858964.9607393742 -0.14945554303613531322 -0.20330957576735420034 -0.14216368829281381125
1648858964.9807779789 -0.24706246319222241459 -0.34021203501737840025 -0.23689365994197161824
1648858965.000818491 -0.34276164688907573286 -0.47847873077721936319 -0.33154849768419125677
1648858965.02085495 -0.43652385793158632321 -0.61806330541893805819 -0.4262401208265851893
1648858965.0408937931 -0.52859580169484998713 -0.75884078164017765289 -0.52116954405846560583
1648858965.050909996 -0.17549873168967927706 -0.25740197116166319002 0.073673724261244327716
1648858965.0709488392 -0.22225741933031792352 -0.33801137149486326638 0.050297786285431800302
1648858965.0909831524 -0.26708526959695133574 -0.41968743877896358407 0.026771902862946159174
1648858965.1110198498 -0.30983801657123782869 -0.50273029129476043408 0.003042782384187389319
1648858965.1310584545 -0.35092592625941509965 -0.58710957967191346185 -0.020833475958082121188
1648858965.1645219326 -0.081222375133094493194 -0.1378967164685053759 0.1133218407009965456
1648858965.1611130238 -0.092261688594097057692 -0.17672460422761668286 0.10918027639621748215
1648858965.1811466217 -0.10148696742774238055 -0.21663046657218149038 0.10485671136299898332
1648858965.201182127 -0.10872862039295330683 -0.25772004358179217975 0.10041933653950758931
1648858965.2212264538 -0.11406065025316579342 -0.30018869112335616611 0.095586458329644422016
1648858965.2412605286 -0.11780119339764091868 -0.34388760881316793316 0.090549526123221688034
1648858965.2512803078 -0.033520796817638774667 -0.11619892973004043724 0.083298067250940285855
1648858965.2713143826 -0.028714367610921626844 -0.14324289083291000257 0.081350336381278309794
1648858965.2913501263 -0.021953390851350236546 -0.17145001391978909044 0.079162310682159328645
1648858965.3113873005 -0.013251132201661823193 -0.20098248917868274943 0.076653313719595092546
1648858965.3314208984 -0.0028687306852111121337 -0.23179349627886342011 0.073994912892576911179
1648858965.3622457981 0.0010873346949926534014 -0.09513328061735634722 0.058662669102793205123
1648858965.3614747524 0.013643495300791338293 -0.11827540073834620638 0.056760846570280451551
1648858965.3815107346 0.02799527775875098462 -0.14247931856777287796 0.054643891917284734272
1648858965.4015481472 0.044345842933854802415 -0.16794759929377894858 0.052242444373352785181
1648858965.4215815067 0.0625608494120628994 -0.19475406253546970192 0.049454489023170809803
1648858965.4621841908 0.033428441194243041501 -0.096680653666289084747 0.039219420436115759454
1648858965.4516406059 0.051918526080909903342 -0.11951773860729401899 0.036969064798843043196
1648858965.471675396 0.072021415224973475699 -0.14334055916689517063 0.034466280479980883344
1648858965.4917123318 0.094034173819011648843 -0.16830365744216629897 0.031504129902895985915
1648858965.5117454529 0.11801114292971374986 -0.194560868157413136 0.028262902927157176891
1648858965.5317809582 0.14371918968278005191 -0.2221244779330570629 0.024550557920855163585
1648858965.5605223179 0.075557210315757031283 -0.11431857755886103145 0.022873639636083707705
1648858965.5598392487 0.099958869724530122203 -0.13819296728292301824 0.019759894064391870377
1648858965.5798799992 0.12615403352385543001 -0.16312145150118095849 0.016389893331252756992
1648858965.5999162197 0.15428645289326317624 -0.18935627078162028947 0.012563111598110507372
1648858965.6199553013 0.17389607947960444845 -0.2332556534004740223 0.0075706140077545685044
1648858965.639995575 0.18549585245058911043 -0.29290599017992108299 0.001594414484952621407
1648858965.6711890697 0.059761537829993827131 -0.22432946977087625529 0.0064209107768868969868
1648858965.6700596809 0.05989527155816291859 -0.28935916552288498682 0.0048054248969235397598
1648858965.6900963783 0.06896269716493745594 -0.35033656097924598116 0.0023980030823408798879
1648858965.7101345062 0.088277283315467802716 -0.39988553801360637863 -0.0061468393278082972958
1648858965.7301752567 0.11600771751539258603 -0.44550140829115897345 -0.012928590091347291063
1648858965.7502110004 0.14493333528607316163 -0.49281518521227773988 -0.018240134109564088566
1648858965.7602319717 0.041065057507302833717 -0.367110642059216008 -0.0057801239361147697601
1648858965.780267477 0.075183083102950604149 -0.39291188079627026308 -0.011802341537420560358
1648858965.8003053665 0.11444645435363866304 -0.4167273377781650634 -0.019845679360329038926
1648858965.8203451633 0.1441985046302668716 -0.45744925725198254396 -0.027023700541357050658
1648858965.8403806686 0.16673581998903699852 -0.51549789166840997989 -0.03353381008145127351
1648858965.8504016399 -0.020926686642834153862 -0.51660827559997335445 -0.027656553018838105074
1648858965.8704435825 -0.036919056307515463189 -0.61361519007882714405 -0.032488556101315103908
1648858965.8924834728 -0.051375690798893362821 -0.71251317833979177507 -0.035155045629426680265
1648858965.9125189781 -0.05070159044401618964 -0.79788891276494600113 -0.040171714901599500647
1648858965.9325568676 -0.042645209369422891477 -0.88634533204803933604 -0.055370928080567136109
1648858965.9682071209 -0.17837464092721988518 -0.77960770903114506858 -0.03832963980212217292
1648858965.9626133442 -0.17233224225112719896 -0.87041498143455886538 -0.064171622904684866295
1648858965.9826519489 -0.11897426975228465873 -0.94643900119019708228 -0.065550683042075855167
1648858966.0026865005 -0.075196628991695838029 -0.99986207253004322215 -0.061510452165424819859
1648858966.0227234364 -0.041068715632263365356 -1.0204811299691718407 -0.055562830671029767027
1648858966.0427627563 0.0074901516790601878684 -1.028987693684097815 -0.065690257167185017728
1648858966.0527789593 -0.076571316881649531538 -0.78761977829179963262 -0.033305464126063909214
1648858966.0728240013 0.00030282838673176975825 -0.7734556735763437052 -0.054219334868187758769
1648858966.0928587914 0.098036724770109454075 -0.75545383426852552589 -0.051263380674521734359
1648858966.1128954887 0.20379746695450590144 -0.75020433793848761983 -0.051383898334824998355
1648858966.1329338551 0.28221693169183775796 -0.76169342337306378266 -0.088819864808905205078
1648858966.1653795242 0.045371702521512347062 -0.68364549534804075481 -0.065047678090919769378
1648858966.1629889011 0.050176250700182209452 -0.7394453506324752956 -0.083600802700593862538
1648858966.1830236912 0.047310235556153726333 -0.81558541525674976835 -0.048033186003443223422
1648858966.2030599117 0.048740155749502828142 -0.89203784712749556451 -0.02014015498827487205
1648858966.2230985165 0.057862657473491757587 -0.96968305087982453738 -0.026006846169302648419
1648858966.2431330681 0.090102354625448438652 -1.0306989278293570145 -0.054089525283397991984
1648858966.2531533241 -0.063177060380663382921 -0.85310569390873058904 -0.034114761222586893752
1648858966.2731873989 0.0014837445096641652034 -0.89478804158456326512 -0.059648628235007813969
1648858966.2932291031 0.083114020967679308471 -0.93264324495281336613 -0.076616269197149131087
1648858966.3132667542 0.16672890678065824255 -0.96479515268070503708 -0.077897243167135948871
1648858966.3333001137 0.22699242511807093958 -0.9987969883150370487 -0.090594525106863443842
1648858966.363212347 0.015721815973787522935 -0.82771517340487565928 -0.04657904994151255279
1648858966.3633539677 0.048121493626844792646 -0.88102409431562833664 -0.068301916047613334126
1648858966.3833897114 0.075218031088715900379 -0.91556567509851360942 -0.079062501775661916947
1648858966.4034273624 0.11781573327254532546 -0.95494725060441698616 -0.05966515663265779118
1648858966.423460722 0.15824739803248544234 -1.0129035011007103684 -0.06139241018919298909
1648858966.4434962273 0.17771944083011162463 -1.0612573009890904352 -0.098763060465592397708
1648858966.4535140991 -0.060242024249270720304 -0.90957435095698435656 -0.056197527804257428607
1648858966.4735496044 -0.021826527383533082111 -0.96502826288206478011 -0.057763828486686721875
1648858966.4935870171 0.020004981815913331494 -1.0280795654777918902 -0.042548054906328340585
1648858966.5136260986 0.056972206107189775348 -1.0733667267551743052 -0.063274305274393705112
1648858966.5336608887 0.10310852852030683025 -1.1244226492401938611 -0.097600862249413514182
1648858966.5622167587 -0.1066486902757935451 -0.93466684034863212194 -0.038860203078947552768
1648858966.561719656 -0.036784025980003728917 -0.98390516788779180946 -0.033210256528073710258
1648858966.5817604065 0.02178716412096643254 -1.019090773628173352 -0.055688938544944686926
1648858966.6017973423 0.075771468267404690211 -1.0540948635471834027 -0.087666673092321054095
1648858966.6218366623 0.1359344901548860951 -1.0921135698565678229 -0.089475809316737597854
1648858966.6611466408 -0.081392931624999109719 -0.90771459362361028855 -0.024989973182554418157
1648858966.6518945694 -0.023423468691266931957 -0.95234782470400658472 -0.02884589967878326347
1648858966.6719355583 0.028430045034956975825 -0.99214900558844720813 -0.056893334760878419565
1648858966.6919720173 0.087194794979554776648 -1.0295811380394035428 -0.075077219090838337445
1648858966.7120103836 0.14717597900154133495 -1.0687808868811863316 -0.080678768866527153514
1648858966.7320570946 0.20332833731928373622 -1.1098128592984988217 -0.097457749872214782805
1648858966.7706329823 -0.059009030291051645101 -0.90083298999575833754 -0.034811430932089014456
1648858966.7621147633 -0.0035533489837594944491 -0.93332277974043476032 -0.039217277265883983273
1648858966.7821507454 0.047655581610578839902 -0.97125780231511060769 -0.03230040282703671578
1648858966.8051915169 0.098343474675012504393 -1.0210933286821541888 -0.048742605238615427377
1648858966.8252260685 0.15001792639784389261 -1.067008515864483309 -0.073212063318474587814
1648858966.8452620506 0.2139157849089969865 -1.116388137408805159 -0.084384462651622790808
1648858966.8552803993 -0.05216285123404551527 -0.90334558398454445349 -0.019934015058594777708
1648858966.875316143 -0.0041461985579328937065 -0.94945684417583775527 -0.040163584966607372706
1648858966.8953535557 0.045256325112205703087 -0.98242197234569050845 -0.06187348690555692643
1648858966.915387392 0.11909503831272112706 -1.0112559215051091233 -0.061428879148781610764
1648858966.9354228973 0.20002678137433790861 -1.0626947820753367413 -0.050418516658407505626
1648858966.9454464912 -0.010526927446709135119 -0.83376802539841132766 -0.0022616651631667070849
1648858966.9654819965 0.040077437866298810942 -0.87235057813713567931 -0.051565268286311326251
1648858966.9855194092 0.10239370708955930489 -0.89884975485695595143 -0.095588863323904038616
1648858967.0055530071 0.18607247418984049214 -0.93790165951906445674 -0.077814698459717196455
1648858967.0255880356 0.26304903528414019798 -0.99371409749379568943 -0.040513470700088559384
1648858967.045624733 0.30394954608533836238 -1.0360655270499459224 -0.069822897973755918
1648858967.0556402206 0.012522466225163841891 -0.79681427396872184232 -0.028001278900345084183
1648858967.0756778717 0.052473781403770687615 -0.83073666910864363278 -0.06975437019572108821
1648858967.0957114697 0.099725330111434043467 -0.87913496075867025858 -0.072837282472458353411
1648858967.1157462597 0.14953515043391710226 -0.92925145587357327326 -0.071029334256400900038
1648858967.1357829571 0.20410613320748963173 -0.97644764462217581436 -0.088186568160022321683
1648858967.1666476727 -0.056944314452330169196 -0.75178495721208882241 -0.01709962105599292792
1648858967.1658346653 -0.0037091782422636020156 -0.80628730224007616467 -0.0076711365860331675801
1648858967.1858670712 0.036638003613895804567 -0.85009316462927508873 -0.023238854119844307849
1648858967.2059018612 0.07736120618755670808 -0.88674084811105235993 -0.05653901822913690034
1648858967.2259383202 0.13116720780275006875 -0.93556767539094398689 -0.058336393524605803518
1648858967.245970726 0.18346047526285777507 -0.99258031469305696426 -0.047541580129677830924
1648858967.2559900284 -0.077823878259494425058 -0.74990041664952700184 0.0078195029163640652342
1648858967.2760224342 -0.039273279401257014942 -0.78789189495504374783 -0.016567919066251823867
1648858967.2960574627 0.012580124938473182666 -0.84204822159906766998 -0.012761686447543500039
1648858967.3160936832 0.064263921937023585351 -0.89632012586943432542 -0.0026080069456782006311
1648858967.3361253738 0.10135306553979794852 -0.93028087962181804649 -0.034412398897087179139
1648858967.3461441994 -0.13105184469415304127 -0.70245417924102770968 -4.6901039872730345022e-05
1648858967.3661823273 -0.086331316467138249915 -0.75221373210234176998 -0.015210423964108555836
1648858967.3862168789 -0.039591770016970770363 -0.80771534982553017112 -0.0035016006837847632981
1648858967.4062530994 0.0012745501484144677266 -0.85283971020861581991 -0.0019505529643094245574
1648858967.4262850285 0.034853149711588912729 -0.89416911468080650938 -0.024564443695725871053
1648858967.4463186264 0.072957015029593202948 -0.94776071071381806643 -0.030368476454964394434
1648858967.4563353062 -0.16005549980824501644 -0.69398525257415877299 0.025888132322379579092
1648858967.476369381 -0.12148279932714146911 -0.7426927647781557118 0.0088421935280701673826
1648858967.4964046478 -0.078851701545714553143 -0.78906015917769167789 -0.010130866784040484102
1648858967.5164365768 -0.02165677305772093636 -0.83458756663988775681 -0.011112873767904464517
1648858967.5364701748 0.047695021816977309359 -0.88492179918366120628 -0.010578135300002103683
1648858967.5444889069 -0.12570776372004610622 -0.63090634193998740287 0.027193440997569252177
1648858967.5645265579 -0.073277105107861395528 -0.67081075226014130752 -0.010289489985149778348
1648858967.5845718384 -0.0161328587714753037 -0.71192266012743499193 -0.033480476558401389697
1648858967.6046073437 0.041284671238202418075 -0.77241357368061402955 -0.013398228982290587286
1648858967.6246440411 0.095699632820352639739 -0.82259237274107777083 5.1133510450861063726e-05
1648858967.6446826458 0.15917524451622455661 -0.85933862216276557522 -0.03589685720138305336
1648858967.6546993256 0.014286337834029359112 -0.59138814269683570579 -0.0069976710283429898601
1648858967.6747386456 0.095169492210833261936 -0.64071699473991361451 -0.034618798490929469924
1648858967.6947731972 0.17856879762778657406 -0.69668609059677888418 -0.035663193595242385914
1648858967.7148098946 0.25208589999630132139 -0.74968960471083634367 -0.033497031327730956984
1648858967.7348489761 0.31231088739792500775 -0.79451089090480508936 -0.054170094699245899261
1648858967.7448651791 0.1291861238099855369 -0.54742033578587212528 -0.018442544768043210579
1648858967.7649040222 0.17601521924401167252 -0.59521814403974393493 -0.035654460336080176508
1648858967.7869400978 0.22969847630682843631 -0.65162497705455280084 -0.043726154265110818431
1648858967.8069844246 0.27358011394511683179 -0.70053325264470300837 -0.043595360336622979158
1648858967.8270192146 0.30805335418012480542 -0.75558675827904442368 -0.038112979850601198806
1648858967.8470556736 0.33724718298279193762 -0.80689906471885908257 -0.041959800442847132451
1648858967.8570740223 0.11629845784063597147 -0.53857314598887240376 -0.0005032748917347042595
1648858967.8771104813 0.14263590714527890624 -0.58498373767268196932 -0.024009604659298345447
1648858967.8971488476 0.17810932904214799022 -0.64582108657915937577 -0.032156999232269806166
1648858967.9171831608 0.20412280638970398128 -0.70197067466489637688 -0.032086068652657361022
1648858967.9372191429 0.21172179531747836734 -0.74678802139024058615 -0.025724924620698960687
1648858967.9693949223 -0.014003965562359138586 -0.48959395701734864659 0.026756900243469682044
1648858967.9672727585 -0.012380067730591120395 -0.52631199608934453593 0.026529165213957581204
1648858967.9873111248 -0.0071837945936576042688 -0.56387291848115406179 0.014487140865863248201
1648858968.0073447227 0.008818772790985491411 -0.62056377201265555676 0.006949114273751171196
1648858968.0273866653 0.026206670390863853054 -0.68131797519991521561 0.0054766857092803256785
1648858968.0474245548 0.03930409969248060964 -0.7414923939558278887 0.0013527195211686107116
1648858968.0574402809 -0.11571610489460414095 -0.4856471075635039325 0.031554587392312018201
1648858968.0774776936 -0.099262295688324689302 -0.53176861608359426992 0.014417814591535212457
1648858968.0975110531 -0.075548713923579605134 -0.58855265037782511506 0.010213058519319749215
1648858968.1175467968 -0.060701576837766897665 -0.64236499213660280816 0.0081788731249345589247
1648858968.1375844479 -0.059203465863248823375 -0.6878809858049863557 0.01324325661093798262
1648858968.1675457954 -0.20697320353186668407 -0.42938575457992406159 0.051245235611645401086
1648858968.1676375866 -0.20359061608149867095 -0.46954183183059849949 0.056490659468272363952
1648858968.1876707077 -0.19588150085835073777 -0.51066750527831894502 0.036956867652723435214
1648858968.2077059746 -0.18140932144939334036 -0.56317696860300892059 0.016977302697091897765
1648858968.2277431488 -0.17410047229904279664 -0.62785552891584417434 0.025708669334671429424
1648858968.247781992 -0.1693973394049386183 -0.67974330303919927587 0.04990847913396823099
1648858968.2578015327 -0.30591469744466559533 -0.40442153465814978386 0.080854113446128125786
1648858968.2778348923 -0.30244140858597085009 -0.42879809192049822553 0.071655844270250734773
1648858968.2978701591 -0.3030940181772672215 -0.4606026930671796582 0.054126586611344937316
1648858968.3179066181 -0.31362034224985668729 -0.50188971817767058514 0.052424043037196534078
1648858968.3379406929 -0.31759608242266085254 -0.5343863716780744566 0.0526243740895510001
1648858968.3579754829 -0.31973729569688036367 -0.5616039773182406325 0.043868285015885556677
1648858968.367992878 -0.45717424505770687393 -0.2944118305449010542 0.079584157807750216529
1648858968.3880267143 -0.46652218559870650694 -0.33985991451205427305 0.10760388427039713211
1648858968.4080631733 -0.46530174081747111003 -0.37796938243852618022 0.12498974352491010187
1648858968.4280958176 -0.45939066633308500709 -0.41663213640019813866 0.1106930685684353044
1648858968.4481303692 -0.45954212176224218389 -0.47022287413554730851 0.089008007564523664024
1648858968.4581534863 -0.53970498041214021168 -0.23969051765395951725 0.096755550035156873134
1648858968.4781873226 -0.53222556353138628094 -0.2975680114612928584 0.096493053029657716024
1648858968.4982235432 -0.52466791982678762096 -0.35817756416817692067 0.10663819245879364861
1648858968.518255949 -0.52519885885021910799 -0.41075049834714388863 0.10103935275016003026
1648858968.538289547 -0.52183675892266501162 -0.45657995415171842568 0.095554812588126578077
1648858968.5483064651 -0.57328384273038690555 -0.2183176443887422935 0.10709275154777211925
1648858968.5683403015 -0.56854738652156844303 -0.26293868797112879276 0.11453192033560573304
1648858968.5883760452 -0.5652325003846165874 -0.29796270347628217579 0.09692026813339825464
1648858968.608407259 -0.56440346508980554496 -0.34030231087688522784 0.086512337910298678367
1648858968.6284408569 -0.56417352079457605551 -0.39578793504312020923 0.10247921369266944913
1648858968.6622264385 -0.60569687625383539231 -0.15853686874461792033 0.12204586513344431453
1648858968.6584913731 -0.60167440135169314441 -0.18298791988747270532 0.11311362312358110016
1648858968.6785266399 -0.60741263751269480853 -0.21329014176657568047 0.094777083364863290438
1648858968.7005562782 -0.61535689385475278446 -0.27424266277967013217 0.089051329738914150602
1648858968.7205913067 -0.60241490386722229555 -0.32655984649492808547 0.097023812892007316178
1648858968.7406225204 -0.59472552523370714184 -0.37631803047194184453 0.093006210703366343218
1648858968.750641346 -0.61811050363056463386 -0.14273917682388842509 0.10364984806454170807
1648858968.7706727982 -0.62182747845052899205 -0.198260756616231687 0.090594081312396393391
1648858968.7907059193 -0.62083238338885804453 -0.24672052786360607057 0.083058281871668873664
1648858968.8107411861 -0.61595799730966216412 -0.28594143028175200705 0.077759269686367191166
1648858968.8307719231 -0.61424353570919221212 -0.33266582966988633707 0.082799825528984363765
1648858968.8611238003 -0.61331802690504799713 -0.097786550639329505863 0.096175460226746833925
1648858968.8608214855 -0.61056374629634202478 -0.14412512796317575314 0.10653761475130359149
1648858968.8808600903 -0.60074356378530102685 -0.1823912094563797659 0.10512004075797705405
1648858968.9008946419 -0.59656149827148752252 -0.21743779480242864111 0.096786111142242434169
1648858968.9209251404 -0.6030282743303889692 -0.263612977477780841 0.092656941269980711007
1648858968.9409575462 -0.60346741840861484185 -0.31147730892392022639 0.10067876087191653112
1648858968.9709377289 -0.59741277633846334716 -0.059557061153978185786 0.10930631580539948433
1648858968.9710063934 -0.60074788473833773406 -0.087346134654140900055 0.11015384267635988658
1648858968.9910407066 -0.60762431210746681298 -0.12182825559676319083 0.10133620760565906216
1648858969.0110712051 -0.61250843881475292019 -0.16506727707605781119 0.10239537600747265766
1648858969.0311038494 -0.60690150263036013456 -0.21070269938990399128 0.11078780520685845012
1648858969.051138401 -0.61237461832391770766 -0.26016084710970421856 0.11426594588249185114
1648858969.0611524582 -0.57990821145982363038 -0.048030922765838042487 0.10825565913341218816
1648858969.0811870098 -0.58187607132690088996 -0.089471672645922914469 0.090497902463430229814
1648858969.1012229919 -0.57985828603040945328 -0.13911257239606142355 0.087385304776292360707
1648858969.1212544441 -0.58331546618845908636 -0.18885566919098656369 0.090236417053058584625
1648858969.1412880421 -0.58625114415888235353 -0.23226250676011606089 0.077518737185774858056
1648858969.1683232784 -0.55250574323939394272 -0.010952184696067041036 0.087920707473414724809
1648858969.171336174 -0.55099716401323728387 -0.048852329139923995893 0.088304742925464058123
1648858969.1913657188 -0.54904577971514612056 -0.077797832017421728046 0.098179976414236508342
1648858969.211397171 -0.55206964933276037044 -0.11118040612522753219 0.11349374614368540337
1648858969.2314302921 -0.56303219935640003158 -0.14398040177591947542 0.11056640519144445012
1648858969.2514600754 -0.56491229450415247904 -0.17526208978991925092 0.085467524335231123689
1648858969.2614779472 -0.52966511451920816889 0.036075082352432216726 0.087914218548344483239
1648858969.2815070152 -0.5383237890288561367 -0.012630232215796375478 0.1114446618547448864
1648858969.3015387058 -0.54008267185839131663 -0.057771638358327416507 0.13813816879340423682
1648858969.3215782642 -0.53194679925529664288 -0.081087781972357247939 0.12048625056132901412
1648858969.3416082859 -0.54026793687334517813 -0.10497510717047900397 0.099800305491357182985
1648858969.3516256809 -0.50461267731429060301 0.075817722899594958141 0.10125605251433136833
1648858969.3716549873 -0.51248254547540927906 0.039719412381266291923 0.10278725441954712772
1648858969.3916864395 -0.51238301629004945337 0.0014435595246054776231 0.09854180142808936782
1648858969.4117200375 -0.52317354135317850616 -0.045896210272023924004 0.10983247807203509738
1648858969.4317493439 -0.53178987566701008127 -0.090646727385322339865 0.13347004721302860308
1648858969.4517800808 -0.53160844012703101225 -0.12208639598555513783 0.12859145694559051543
1648858969.46179533 -0.47446158687820227939 0.088474213254198741385 0.11020973969305092321
1648858969.481826067 -0.47634836613474412781 0.060094867242064517465 0.094731133412788826043
1648858969.5018594265 -0.48667078609957559188 0.024401259150469218479 0.11100728520826975976
1648858969.5218877792 -0.49104015591197042179 -0.010348177404987808983 0.1248207147377508458
1648858969.541924715 -0.49180059249283447631 -0.04038510426361013872 0.11886239234620631089
1648858969.5499420166 -0.44318028002300402513 0.14224685427236466451 0.11613013853488236837
1648858969.5699768066 -0.45128622468227613806 0.11240223687940860409 0.13457770617663100676
1648858969.5900132656 -0.45522710779690916949 0.089303902552268332737 0.13818256632332212575
1648858969.6100459099 -0.45370372609148129639 0.069588743925907678434 0.11943152983476251761
1648858969.6320841312 -0.46621750408515333364 0.038978421679212296724 0.11280606679044986873
1648858969.66355896 -0.41348437293042950014 0.19690937329320493121 0.11661846887559357278
1648858969.6621353626 -0.42800562036155093137 0.1637733568605154455 0.13444427314102644355
1648858969.6821672916 -0.42994822015689682093 0.13522205262223063738 0.12654094130322537937
1648858969.702201128 -0.43238058027671710803 0.10854924472905795596 0.11703933809754049622
1648858969.7222373486 -0.44795689344953459887 0.07639301755052291254 0.12016241456182405467
1648858969.7626671791 -0.38959348408574984157 0.2260768510753116689 0.11390565904334143399
1648858969.7522938251 -0.39467926213002907376 0.19361962530100684798 0.11073616139024376748
1648858969.7723252773 -0.39624412589219404346 0.16412596873840457068 0.11131087102415171408
1648858969.7923588753 -0.41093496731107037601 0.13701580519103251365 0.12852540681937321687
1648858969.8123941422 -0.41588622764290794631 0.11273902955190499842 0.1184845434765440797
1648858969.8324260712 -0.41666749682520071163 0.084574379593508094977 0.10371804333170590862
1648858969.8524594307 -0.35668414869719133886 0.23237004935280633489 0.11667988110478653974
1648858969.872494936 -0.3730962781625828395 0.20196140699343584357 0.14518902944785697096
1648858969.8925263882 -0.3797292863931258089 0.17961457418828058463 0.13991024247701638883
1648858969.9125599861 -0.38436839921184962066 0.15537733850688167925 0.12110973751684631083
1648858969.9325954914 -0.39677242206473523067 0.13285078048238421755 0.12710728003233154326
1648858969.9615399837 -0.32225165984237946759 0.27775882073068736133 0.1256876350395071118
1648858969.9626514912 -0.33470042422095946932 0.25166521395071034251 0.13693867776869933506
1648858969.9826829433 -0.33665205977124496028 0.22333115451941906726 0.12633410349629037306
1648858970.0027163029 -0.3468798585341555385 0.1975968218744180438 0.12825151020644667832
1648858970.0227513313 -0.36621704508779356901 0.1679456787272285978 0.13982162179607687813
1648858970.0427823067 -0.37648716113721936161 0.14089526851435510424 0.13373998848431761788
1648858970.0528004169 -0.29295601965114270726 0.28568152028962484623 0.12108463072147414297
1648858970.0728309155 -0.30204787275041944383 0.26038441855229788047 0.12613113852561791406
1648858970.0928635597 -0.31758060807864568753 0.23836351473698957903 0.14065108840687506886
1648858970.1128981113 -0.32579379624001997273 0.21935146266256680403 0.13528291597729766305
1648858970.1329283714 -0.33445707178758987688 0.19578658029420129005 0.1270788946127580088
1648858970.1529610157 -0.35180809316334299419 0.17143728258721160906 0.13456451392553434032
1648858970.1629769802 -0.26356551916823972581 0.3098708302226915734 0.12901448324096864706
1648858970.1830163002 -0.27749961658613131466 0.28583390857488849557 0.12634142100077092041
1648858970.2030508518 -0.28688489431957087117 0.2572277762592742878 0.11951045441753727072
1648858970.2230811119 -0.29600173149993053157 0.23228344271473366778 0.12301501585661854532
1648858970.2431137562 -0.31201909974691838245 0.2096292906541069867 0.1464561002093583697
1648858970.2531299591 -0.22355746710644200381 0.33770088134975589922 0.13829599176183765552
1648858970.2731626034 -0.23211635784014766903 0.32020282517640469289 0.11997849564599112615
1648858970.2931962013 -0.24426165451510686855 0.29729565826853093791 0.10275567123635161171
1648858970.3132257462 -0.2743444045843704826 0.27209496318702003359 0.12924711045796319353
1648858970.3332574368 -0.29416618157985297 0.24729482813143727205 0.15596159746920515432
1648858970.3677265644 -0.18407652416276665264 0.36218956404128399562 0.12525861689533021592
1648858970.3733212948 -0.18332904280196735125 0.35335612459727844259 0.10318425238503246832
1648858970.3933589458 -0.19878124114225140251 0.33872413952952484806 0.11257163601982658752
1648858970.4133923054 -0.21472600697439245265 0.31700089054343444372 0.12181466262217124918
1648858970.4334218502 -0.22599331933473182366 0.29318009176107101554 0.11333440462346018596
1648858970.4666814804 -0.13783623096124536511 0.40301588571169943975 0.11154024725176761579
1648858970.4634690285 -0.15772293551358435026 0.38740424548034696484 0.13833206905588424362
1648858970.4835004807 -0.16352992339668670496 0.36787431319927865747 0.14737537389787042086
1648858970.5035338402 -0.16964639620882637772 0.34861886896165533711 0.13170081017740717377
1648858970.5235631466 -0.1866037181624773944 0.33437095778582065497 0.13061611251709923098
1648858970.5435948372 -0.21059981703726896041 0.32191878754814123864 0.14322127622959404669
1648858970.5536105633 -0.11017899109043702288 0.42677339795403462785 0.13390793079354731954
1648858970.576641798 -0.11664044405746179511 0.40584337392284525192 0.1325345853076367042
1648858970.596675396 -0.13204583061599414751 0.39519551240273836923 0.1536232269396295147
1648858970.6167166233 -0.14371267666408688024 0.38967213317157572972 0.16470570740153075984
1648858970.6367473602 -0.14656640987649216523 0.37929283133365432334 0.15239176049992417261
1648858970.6467654705 -0.054417088891979360776 0.45171593841317564388 0.12546935754262350526
1648858970.666795969 -0.075170485661937444521 0.4408850213290085307 0.12667230164982518081
1648858970.6868286133 -0.10782728866457742811 0.428676046528463639 0.14111234610536094181
1648858970.7068629265 -0.12700386625388504491 0.41060329781024251794 0.14923877157272896765
1648858970.7268936634 -0.13494142986997686995 0.39232453927782034997 0.13736607378212795094
1648858970.7469265461 -0.15495870553914226075 0.38370557650955883222 0.13906784037911010254
1648858970.756942749 -0.050119520876125263353 0.45461674762700582386 0.12514971795191087711
1648858970.7769751549 -0.069925976424893801497 0.43936914418652767145 0.12758782605461710391
1648858970.7970097065 -0.081090074286112479029 0.42000820454379367286 0.12807662081396697928
1648858970.817040205 -0.09493960731890403737 0.41166010881638226415 0.13822216117225857857
1648858970.8370785713 -0.11687541379067981073 0.40463114555501078495 0.13876874212709286449
1648858970.8571128845 -0.0063932681800619919205 0.45587025155763943873 0.11337258685605622333
1648858970.877143383 -0.020191622213972405114 0.43956811794010858252 0.11659316264087291048
1648858970.897175312 -0.043737324513055016173 0.43296754911340812333 0.13914983115183129914
1648858970.9172098637 -0.061875078431573381221 0.42305103530838750192 0.1409295547491491718
1648858970.9372401237 -0.074741443385057060311 0.40577705981817752123 0.1343501124118656187
1648858970.9472577572 0.032582626005622755683 0.45523672980310808667 0.11778618580784146197
