1648858965.065359354 0 0 0
1648858965.1645219326 0 0 0
1648858965.2633640766 0 0 0
1648858965.3622457981 0 0 0
1648858965.4621841908 0 0 0
1648858965.5605223179 0 0 0
1648858965.6711890697 0.14000000000000001332 0 0
1648858965.7696774006 0.20999999999999999223 0 0
1648858965.8684580326 0.51000000000000000888 0 0
1648858965.9682071209 0.66500000000000003553 0 0
1648858966.066608429 0.50500000000000000444 0 0
1648858966.1653795242 0.64000000000000001332 0 0
1648858966.2642591 0.62000000000000010658 0 0
1648858966.363212347 0.61999999999999999556 0 0
1648858966.4622030258 0.76500000000000001332 0 0
1648858966.5622167587 0.76500000000000001332 0 0
1648858966.6611466408 0.75500000000000000444 0 0
1648858966.7706329823 0.75500000000000000444 0 0
1648858966.8697454929 0.75 0 0
1648858966.9687130451 0.59499999999999997335 0 0
1648858967.0674798489 0.63500000000000000888 0 0
1648858967.1666476727 0.6500000000000000222 0 0
1648858967.2656030655 0.6500000000000000222 0 0
1648858967.3643949032 0.6500000000000000222 0 0
1648858967.4633152485 0.64500000000000001776 0 0
1648858967.5631587505 0.52499999999999991118 0 0
1648858967.661724329 0.34500000000000002887 0 0
1648858967.7601947784 0.27999999999999997113 0 0
1648858967.8702642918 0.30499999999999999334 0 0
1648858967.9693949223 0.41500000000000003553 0 0
1648858968.0691413879 0.41500000000000003553 0 0
1648858968.1675457954 0.48499999999999998668 0 0
1648858968.2662565708 0.57499999999999995559 0 0
1648858968.3766283989 0.7249999999999999778 0 0
1648858968.4645047188 0.74499999999999999556 0 0
1648858968.5634834766 0.74499999999999999556 0 0
1648858968.6622264385 0.77000000000000001776 0 0
1648858968.7616569996 0.75500000000000000444 0 0
1648858968.8611238003 0.7249999999999999778 0 0
1648858968.9709377289 0.72999999999999998224 0 0
1648858969.0697331429 0.65500000000000002665 0 0
1648858969.1683232784 0.66000000000000003109 0 0
1648858969.2683229446 0.66500000000000003553 0 0
1648858969.3672149181 0.63000000000000000444 0 0
1648858969.4656293392 0.63500000000000000888 0 0
1648858969.5645215511 0.63500000000000000888 0 0
1648858969.66355896 0.60999999999999998668 0 0
1648858969.7626671791 0.61499999999999999112 0 0
1648858969.8625307083 0.61999999999999999556 0 0
1648858969.9615399837 0.5999999999999999778 0 0
1648858970.0704677105 0.61999999999999999556 0 0
1648858970.1696176529 0.5999999999999999778 0 0
1648858970.2687811852 0.61499999999999999112 0 0
1648858970.3677265644 0.60999999999999998668 0 0
1648858970.4666814804 0.64000000000000001332 0 0
1648858970.5654139519 0.66000000000000003109 0 0
1648858970.6642491817 0.63500000000000000888 0 0
1648858970.7639012337 0.63500000000000000888 0 0
1648858970.8632946014 0.63500000000000000888 0 0
1648858970.9612469673 0.63500000000000000888 0 0
