1633451994.0564086 -0.16047559871147082 0.1555449207435857 0.079959840658374248 0.019552824744579724 -0.021770724674513114 -0.0023204798327392875 0.99956907613481039
1633451994.5565248 -0.16138843997118774 0.15098630796578252 0.08056417084038503 0.019552824744579724 -0.021770724674513114 -0.0023204798327392875 0.99956907613481039
1633451995.0565188 -0.16405127047388129 0.15061475676957828 0.08273866348127977 0.019552824744579724 -0.021770724674513114 -0.0023204798327392875 0.99956907613481039
1633451995.5564778 -0.11954014226814508 0.13581637970939858 0.080090752195369333 0.018987039365341411 -0.022121253354754823 -0.0014016009816115371 0.9995739982616797
1633451996.0231607 -0.12754237073276312 0.15781574100168833 0.07087813344306533 0.019447167121925412 -0.021787430654515872 -0.0023846804966378221 0.99957062224503868
1633451996.5567567 -0.18918773148634238 0.19331332455646758 0.034775767672085497 0.022026346635033663 -0.020895549801292539 -0.0036311574699496516 0.99953240605187077
1633451997.0565078 -0.21418132046928537 0.19159672040041334 -0.0050208351597103157 0.023050631334052878 -0.02084512297968134 -0.004119708904318873 0.99950846781886027
1633451997.5565886 -0.21910743627041535 0.19262399479438783 -0.0048643451737178083 0.0229281177872309 -0.020966630084113893 -0.0041250672112970828 0.99950872215211384
1633451998.0566697 -0.13751900198028447 0.21345434560135679 0.012993657373428159 0.020458837208868094 -0.023846505972774795 -0.0024282643753474561 0.99950331848627361
1633451998.5568857 -0.0059389103711483694 0.18612737967760551 0.031204743378171571 0.017397554058025705 -0.023855365360741954 -0.00026644110641601887 0.99956399278157237
1633451999.0566797 0.04677968907154343 0.16548260596910838 0.024249091397988167 0.015777167280156136 -0.023749514127196853 0.0006606428625829478 0.9995932198261166
1633452000.0569108 0.052494144665264253 0.15952005893728802 0.020752245820567498 0.015777167280156136 -0.023749514127196853 0.0006606428625829478 0.9995932198261166
1633452000.5569227 0.052738764001848952 0.15926481952427998 0.020602555961416309 0.015777167280156136 -0.023749514127196853 0.0006606428625829478 0.9995932198261166
1633452001.0568557 0.052803136754912487 0.15919765204595482 0.020563164356189646 0.015777167280156136 -0.023749514127196853 0.0006606428625829478 0.9995932198261166
1633452001.5236568 0.052822620688446183 0.15917732222265402 0.020551241556612487 0.015777167280156136 -0.023749514127196853 0.0006606428625829478 0.9995932198261166
1633452002.0570748 0.052828980244349934 0.15917068656837399 0.020547349954849203 0.015777167280156136 -0.023749514127196853 0.0006606428625829478 0.9995932198261166
1633452003.0903938 0.052830948653593814 0.15916863270119988 0.020546145426599053 0.015777167280156136 -0.023749514127196853 0.0006606428625829478 0.9995932198261166
1633452003.5569937 0.052831042317717437 0.15916853497067379 0.020546088110730335 0.015777167280156136 -0.023749514127196853 0.0006606428625829478 0.9995932198261166
1633452004.0581198 0.052831067980025258 0.15916850819424402 0.020546072407199457 0.015777167280156136 -0.023749514127196853 0.0006606428625829478 0.9995932198261166
1633452004.5571587 0.052831075490236912 0.15916850035797861 0.020546067811477109 0.015777167280156136 -0.023749514127196853 0.0006606428625829478 0.9995932198261166
1633452005.0573578 0.052831077176286628 0.15916849859872956 0.020546066779733075 0.015777167280156136 -0.023749514127196853 0.0006606428625829478 0.9995932198261166
1633452005.5570138 0.05283107753065467 0.15916849822897675 0.020546066562884716 0.015777167280156136 -0.023749514127196853 0.0006606428625829478 0.9995932198261166
1633452006.0572488 0.052831077634362365 0.15916849812076664 0.020546066499422887 0.015777167280156136 -0.023749514127196853 0.0006606428625829478 0.9995932198261166
1633452006.5905478 0.052831077656159284 0.15916849809802341 0.020546066486084702 0.015777167280156136 -0.023749514127196853 0.0006606428625829478 0.9995932198261166
1633452007.0573997 0.13058796522423996 0.2095646766177566 0.10023940551199963 0.015484112464747561 -0.020370904033072422 0.01101575983160695 0.99961188546624713
1633452008.0573187 0.97773892868813161 0.21719578257871264 0.093809606493792413 0.01862828433782714 -0.014840684828111511 -0.092053124975334147 0.99546921764499385
1633452008.5573807 1.3978088472844648 0.10527886659591865 0.079137571136438919 0.020819089767440773 -0.011989289078124141 -0.12063017033474532 0.99240676360737579
1633452009.0573127 1.8197276752956846 -0.00093539539332904067 0.063779576861089052 0.021750425115661817 -0.0094875839860713643 -0.14015713506753991 0.98984487787079734
1633452009.5572648 2.2295647947183279 -0.13448272757322544 0.052086682663608018 0.021937616571451737 -0.0091824977449135297 -0.17322713978866044 0.98459472919316782
1633452010.0574627 2.6456128969727999 -0.29423688417846888 0.03140758172137946 0.022339344758882662 -0.0076480219133639345 -0.19700616310022914 0.98011786696145953
1633452011.0576038 3.45294354211121 -0.70097179784349561 -0.0045956253573432634 0.022427276621269334 -0.003477973049107054 -0.23797129235835915 0.97100699533016432
1633452011.5575438 3.8584921723076282 -0.92031949646855571 -0.033919403726195521 0.021541007953348252 -0.0021009238441406838 -0.2537390161798796 0.96703054903318353
1633452012.5577278 4.6764491817444158 -1.3753045656398799 -0.088945542599066424 0.024338072472432148 -0.0019192684101066915 -0.25832841667661166 0.96574862349083901
1633452013.5575097 5.4730377156631782 -1.8388253086398818 -0.13999802281631493 0.027838528327834563 -0.00040700919829273066 -0.28206674138881271 0.95899072158511955
1633452014.0909977 5.8748996363617199 -2.1103058119973239 -0.16293229144772492 0.029636437150633483 0.0012005871888252019 -0.30317714596435885 0.9524724974235862
1633452014.5577898 6.2338750472638367 -2.3600367485838936 -0.19183481436197358 0.029444888277237766 0.0035072482470618971 -0.30424699970192021 0.95213153552251029
1633452015.0578268 6.6270104334446316 -2.6222532706020418 -0.22592755483515592 0.03235826994147329 0.0044161686571726573 -0.30726177241160063 0.95106447890522494
1633452016.0578086 7.3839584729911101 -3.1534212141287497 -0.29806209176385789 0.035888461688726718 0.0035377107383011389 -0.31060125658860793 0.9498559692531946
1633452016.5584679 7.7656623023368843 -3.4169551072852595 -0.33718933895115843 0.038360911630757166 0.0048408852021663293 -0.312258109566033 0.94921013442733704
1633452017.0937548 8.1113930868500486 -3.6651521254856849 -0.37934880957283773 0.03802721248362332 0.0044205278074406669 -0.31435859712048148 0.94853205663333851
1633452018.0580328 8.8273758406833913 -4.2367735750238023 -0.47122875814567261 0.036096414249770635 0.0085639390227614416 -0.33087778020317388 0.94294411414173573
1633452018.5580788 9.1283000075449205 -4.5396426500628539 -0.49908508598225948 0.033574083648902353 0.0090083252308867951 -0.34865212895171943 0.93660734780435284
1633452019.5578458 9.8005128660395471 -5.1452867516245249 -0.59735495456213328 0.034278357859505539 0.010015776760319187 -0.35338174548886458 0.93479731511894371
1633452020.5580938 10.471343617454416 -5.7357243673221054 -0.6880491135894512 0.034616480994562437 0.0092364044941479189 -0.3577963159044808 0.93311209637468218
1633452021.0246708 10.783314952011574 -6.024606976371822 -0.7314581620067061 0.034352995793916076 0.0065577294128832979 -0.3597736483235342 0.93238392834545591
1633452021.5582497 11.145054999193604 -6.3563704144268014 -0.78311024173572752 0.035773488184344511 0.0047380296124047115 -0.36124784090614837 0.93177132712869115
1633452022.0581048 11.468237532012482 -6.6662460548800127 -0.83021507444229725 0.035980617495049612 0.0055322856010317127 -0.36352604959000634 0.93087249408830819
1633452022.5582788 11.804599041597671 -6.9727119816159133 -0.87119082389275448 0.036650887330507663 0.005541684072931115 -0.36514876273148567 0.93021093482671291
1633452023.0583737 12.150553857902429 -7.2918807377978139 -0.9238679451546834 0.034328623938614397 0.0045545620194925168 -0.36728984491576128 0.92946165674816705
1633452023.5583947 12.515433948447095 -7.604059803479128 -0.98040214200373366 0.036646203732266111 0.0034601235205624675 -0.36963373702551455 0.9284481588919159
1633452024.0582967 12.866745609306459 -7.9244750092430358 -1.027526122704493 0.034377089197371112 0.0020358303914378242 -0.37171582337585829 0.92770761438340088
1633452025.0585468 13.565382079583664 -8.5679384664175391 -1.1088866237186634 0.034962991343271362 0.0020824489413931936 -0.37599648712040157 0.92595890530619918
1633452025.5586088 13.912298365991246 -8.8888896139113882 -1.1579348233602289 0.034731745230775178 0.0011692937731818049 -0.37884918893718117 0.9248057259051421
1633452026.0583847 14.254281460289553 -9.2390988051188838 -1.200518225225907 0.034011259475497255 -0.00076953646677820878 -0.38067109046392594 0.92408449988489805
1633452026.5585108 14.595548496629393 -9.5709974712434214 -1.2446575550687571 0.034818008603560158 -0.0011938551362288248 -0.38348010602724508 0.92289180799708526
1633452027.0586748 14.930378581668819 -9.899954617241054 -1.2814708421328804 0.034302631129213709 -0.0010337341541348918 -0.38493996840414152 0.92230335661122387
1633452028.0601819 15.600771229490451 -10.585816144400038 -1.3641392301701138 0.032410466739491876 -0.0029577012578775393 -0.3886985768764169 0.92079000319467308
1633452029.5588508 16.584371472586966 -11.588073282378577 -1.473509051630614 0.034087468036187368 -0.0050950288607337964 -0.39524550701391842 0.91792868698450703
1633452030.0594087 16.908242010880979 -11.926835293915552 -1.5094978880600358 0.034779610405043009 -0.0047910319165696373 -0.39715623928316229 0.91707924756353731
1633452030.5588577 17.228455817667765 -12.256064828460122 -1.5425374899113655 0.035720372279630853 -0.0066084147217335991 -0.40051162319938305 0.91557130991598135
1633452031.0588527 17.553383348251334 -12.585324174897016 -1.578663719977069 0.034992330824252217 -0.006588173705407421 -0.40256317983031398 0.91469941455957005
1633452032.0603867 18.129655375692774 -13.262558611748608 -1.6378170532447445 0.03599228676269204 -0.0037095349643910713 -0.40691334470762647 0.91274986964819282
1633452032.5591147 18.440717387159602 -13.614636549033765 -1.6724736006785137 0.035444632622664771 -0.0027509301212011732 -0.40939462302850976 0.91166449587392495
1633452033.0588427 18.745869196318388 -13.94200240079604 -1.7065876946499874 0.035327784236366545 -0.0023020262201628033 -0.41204197007056276 0.91047683289395165
1633452034.0588748 19.21997357167 -14.665891131846996 -1.7373176843647398 0.034800828274349764 0.00032935428722676019 -0.41415751512801285 0.90953963439762398
1633452034.5594878 19.511316162455724 -15.016692156133457 -1.7711760228249207 0.034879868450832734 -4.4593107126993906e-05 -0.41660772246775946 0.90841697384435438
1633452035.0590217 19.759530647199067 -15.345287952279325 -1.7675709143100873 0.035251731748692554 0.001171710104946975 -0.41847290674842291 0.90754414152793417
1633452035.5591738 20.02402825312145 -15.704981361366441 -1.8071646842492461 0.033754029824959141 0.0018663534107602538 -0.42095622490284057 0.90645079232745562
1633452036.0590978 20.472605530126344 -16.074352488085278 -1.8141676620811027 0.033358459932357594 0.0048390567337157084 -0.42392982776872518 0.90506756532805288
1633452037.0591908 21.04477803656706 -16.932814843587078 -1.8336454597701848 0.037389738384567189 0.0075867632247475251 -0.42485534653409152 0.90445695475721977
1633452037.5591967 21.290473750517098 -17.317041008144926 -1.8337283325653808 0.036372247289455553 0.0051810224702688304 -0.4259141212934921 0.90401735487548629
1633452038.0590968 21.611157766909884 -17.709992731157531 -1.8472311592321884 0.038041998900036192 0.0046812101883589837 -0.42792731292307368 0.90300005949352014
1633452038.5592709 21.879695224280354 -18.14526786306832 -1.819308050713321 0.038010575407557035 0.0070492880910117701 -0.42958432137626573 0.90219887747784888
1633452039.0634477 22.172707073332202 -18.554030909456188 -1.8453555492673224 0.040105087251067907 0.0060543497350166739 -0.43083513884730429 0.90151872413183698
1633452039.5258627 22.451521742201969 -18.977223912221486 -1.8682473466876397 0.037921435595228543 0.0072558777482413777 -0.43196225855012099 0.90106488342892321
1633452040.0593517 22.786223227888783 -19.3471012306826 -1.9205219090904644 0.037411455068428405 0.0033338168174362683 -0.43543458775841737 0.89943648384905373
1633452041.0595527 23.333231420785705 -20.163029945804201 -1.8923272860365326 0.039125270626802065 0.0083192743249924633 -0.43858133104860192 0.89780087933167174
1633452041.5594797 23.626046620082917 -20.57944671801507 -1.9030718928855948 0.039813636834530659 0.0095712871299291659 -0.44073660002650678 0.89670202084179618
1633452042.0633287 23.973626958642669 -20.955659829686603 -1.9540202576337096 0.037253733724667865 0.0069862203089779487 -0.44360512712382411 0.89542048404022079
1633452043.0596306 24.641332626237226 -21.801569657888422 -2.0204368258976015 0.040313061400774161 0.010189870613256203 -0.44744460481365855 0.89334447400794559
1633452043.5596738 24.947429883632896 -22.198255923761341 -2.0777746742377121 0.03848346444451007 0.0084721124217964038 -0.44879693410148824 0.8927645592296809
1633452044.0596678 25.221366789884023 -22.574187537137227 -2.1022241361465297 0.040688778896499564 0.010536100851377865 -0.45047991754898242 0.89179664595457242
1633452045.0598428 25.735125591369652 -23.325300953759815 -2.1410710030682663 0.037360703058939751 0.0080030613570810961 -0.45349258043883772 0.89044068211351535
1633452045.5597267 25.996210525858992 -23.702828161464815 -2.1897181444689133 0.037094546493946993 0.0055793921011283816 -0.45402798577087955 0.89019742368815569
1633452046.0598037 26.257645097773331 -24.078456714640765 -2.2350921693921109 0.038479869459752451 0.0029040150769363382 -0.45624836638429006 0.88901535111293872
1633452046.5597427 26.540764614798221 -24.466197334952476 -2.270102956380232 0.039143388424661092 0.0043526740967062064 -0.45747023065185793 0.88835231605381748
1633452047.0599597 26.825342754657239 -24.856695925526065 -2.3118713492645844 0.035805906652347071 0.0050139669192646218 -0.46034019287201738 0.88700603380760135
1633452047.5599818 27.090390385240138 -25.247930577728546 -2.3460043104665207 0.032068852584219092 0.0092451902264533443 -0.46246527012104788 0.88600902313885965
1633452048.5597167 27.674512549199754 -25.98387842909629 -2.4204687536951046 0.032897130379812164 -0.0046423798693007922 -0.43144276054778669 0.90152835312752644
1633452049.5599408 28.299444574613101 -26.735159822345317 -2.4651822904306453 0.034168949178876362 -0.019142069081485028 -0.43436568153510635 0.89988472528865338
1633452050.5267518 28.862045476812323 -27.452088586527648 -2.5019379557460999 0.030638367995862257 -0.010260869323923054 -0.43808494535239167 0.8983527066931235
1633452051.0599186 29.182035836803614 -27.865647210092973 -2.5289706226510016 0.029609530970560839 -0.0097059926929824007 -0.43989957021560655 0.8975062325720492
1633452051.5602198 29.482658954976802 -28.241203559384115 -2.5514204939996996 0.031860802388777747 -0.0093181934612846344 -0.44128895009825181 0.89675087012109755
1633452052.0600407 29.780286874504874 -28.622872887322561 -2.5717713704336074 0.032820834039602335 -0.012828407576259394 -0.4418839076062126 0.89637985085044614
1633452053.5605078 30.513436355284767 -29.587544349225482 -2.6186316434306462 0.034607564001604113 -0.014915393140262748 -0.44321279350066273 0.89562395414520213
1633452054.5601547 30.975773014520254 -29.886526929674833 -2.6353349080616533 0.038412273501182134 -0.021740550839926893 -0.28154267511008341 0.95853302905299353
1633452055.5605047 31.768126768606813 -30.408841048161115 -2.6548213185691649 0.035640030993417941 -0.020069824670233834 -0.28539438949285129 0.95753696157093537
1633452056.5603807 32.558057183822875 -30.934064916425843 -2.6853185319151458 0.036634477242674858 -0.021627593552442138 -0.29289098458061152 0.95519894965692254
1633452057.0609038 32.961326035217759 -31.20629263866897 -2.6942582880960129 0.035882992169112657 -0.026825000309482924 -0.29522897465391301 0.95437554597558127
1633452058.0606587 33.769652793206085 -31.742445961690382 -2.718876811449594 0.040647589258507172 -0.024186676528921057 -0.2973113141359483 0.95360828470222214
1633452059.5607598 34.948361293520229 -32.574544595428343 -2.7415404004980704 0.038991618144683368 -0.023375317872034711 -0.31165649922501221 0.94910667193927811
1633452060.0606089 35.337689667568696 -32.859424957949976 -2.7505905608642718 0.038934677357316629 -0.026191288954060938 -0.31352922272556749 0.94841843812692206
1633452060.5607367 35.729870277410086 -33.149354664686193 -2.7611914883557893 0.038740238734009814 -0.028047013655595976 -0.31504846820190696 0.94786972818603565
1633452061.0606108 36.109643487047613 -33.435146309529145 -2.7655829801222027 0.039596225357559502 -0.02767345207019899 -0.3169991512053662 0.94719473030788748
1633452061.5606797 36.491158458531942 -33.724518426300541 -2.7728083305509075 0.038513603666225915 -0.024643685322998515 -0.31800274428231423 0.94698661328197309
1633452062.0607698 36.873284925624866 -34.013084314035403 -2.7755727567699391 0.040787357030210601 -0.02334445094081268 -0.31998715797455829 0.94625559276980209
1633452062.5606668 37.239930416493422 -34.293894279131457 -2.7863402461235043 0.042441309373532958 -0.020341403080567151 -0.33585768789911224 0.94073618834317141
1633452063.5610588 37.981087511912691 -34.914183525030047 -2.8190889279072122 0.044847994786800627 -0.020252005602548116 -0.34007325911038483 0.93911058564512051
1633452064.0610197 38.354033357689616 -35.229834229463492 -2.8353728400845966 0.043153583874652651 -0.021527100192790357 -0.34168322590967076 0.93857707477224606
1633452064.5610058 38.722662589154744 -35.546050061698992 -2.8496392489949587 0.042645371035130331 -0.01976183036191672 -0.34238734633639445 0.93838251659903993
1633452065.0607307 39.082335323032609 -35.858140250990125 -2.8653038479196717 0.041733461645857568 -0.01818269753443353 -0.35342272349741349 0.93435543890165185
1633452065.5628788 39.353820097282032 -36.134527991591703 -2.8838795177801835 0.040472599928943039 -0.013723110441612795 -0.42276056504180543 0.90523320174435451
1633452066.5611887 39.909954297719963 -36.90752658456887 -2.9427232222094566 0.042065356519348437 -0.0094407240015342148 -0.47229176916746196 0.88038733707834449
1633452067.0609148 40.178805609183385 -37.316428787121055 -2.9706811315078414 0.040890947605405438 -0.0076160465023945908 -0.47333691675422901 0.87989890866917686
1633452067.5610087 40.442690379050269 -37.722391250043955 -3.001710636146345 0.040876826447127035 -0.0075849833042907237 -0.48061067287083703 0.87594802026748675
1633452068.0610898 40.693155403551316 -38.121481229723585 -3.0327898544127407 0.039883215921986355 -0.0074986203051241266 -0.49721897064694892 0.86667548425580343
1633452069.0613089 41.136233676842188 -38.939047214179489 -3.0984904104720004 0.040348385004734651 -0.0039228420734476336 -0.53860715329662823 0.84158122219740716
1633452070.0973938 41.507862367203046 -39.684891283738644 -3.1842137073414598 0.040805080345354135 0.0041453612660020591 -0.61153812358911974 0.79015117844314098
1633452071.0612369 41.649308148413247 -40.498376082261323 -3.2835296237169351 0.036960991668121716 0.011924897506569906 -0.68718944635898438 0.72543941630380249
1633452071.5615518 41.677025381216374 -40.971031423474656 -3.3450699256066785 0.036803791180397165 0.011600810862785582 -0.69160418104664323 0.7212451448022924
1633452072.5615337 41.847340919445429 -41.845371508638998 -3.4636206006400245 0.039720829290380469 0.0086816166923165718 -0.65665215200749349 0.75309683077013567
1633452073.0614927 41.925272937984573 -42.319646162828349 -3.5146098197139199 0.043131066102579142 0.0065813217814923624 -0.65812302366621445 0.7516451842863795
1633452073.5295987 41.990308237590028 -42.752876155784371 -3.5650207968390561 0.044714556712792633 0.0084256340762760111 -0.67138050083992351 0.73971470189548572
1633452074.0281498 42.040894536960337 -43.219810269573514 -3.6176516185963341 0.048562275017515075 0.012427229824700752 -0.67756495024509666 0.73375268831082985
1633452074.5615578 42.086423034673608 -43.71885773646045 -3.6846943819035292 0.049899040081264522 0.012690058107548224 -0.68301632586223682 0.72858612862848893
1633452075.0616887 42.125099970471318 -44.203687605510794 -3.7536651796232618 0.046676394614692564 0.015018468297370335 -0.69382781217582423 0.71846971185087993
1633452075.5615237 42.144989840801117 -44.706675648732606 -3.828620099364501 0.042789985926986004 0.0099688204273174815 -0.69529101163475082 0.71738417104337038
1633452076.0618408 42.166439104582352 -45.187840869329996 -3.8903282539500492 0.044029881215869246 0.0099465977267006959 -0.69574257806222273 0.71687146673941082
1633452077.0618339 42.209228436316259 -46.174390475208028 -3.9984365371374397 0.04011296870646161 0.0068108248930313546 -0.69873024297358544 0.71422728172473771
1633452078.0616517 42.248902134148345 -47.138396771884409 -4.1052429430276423 0.045714220822581364 0.009754754652051327 -0.70156134108512735 0.71107435579628542
1633452078.5619128 42.255346480941995 -47.627880478567072 -4.1637413143685187 0.047198373352682857 0.012897193881380312 -0.70062792160320397 0.71184723881800915
1633452079.0618818 42.257982746624009 -48.126151130974861 -4.225583357484628 0.044761548217508169 0.010777759188999002 -0.70032963626535749 0.71233323962627904
1633452080.5620449 42.297333188967741 -49.579749398487174 -4.4001456559430521 0.047877337587032269 0.019281795225600591 -0.70605130765369473 0.70627722876995358
1633452081.0285337 42.298690906972034 -50.032153616223177 -4.4643180972144165 0.045692349334465497 0.018534001496660221 -0.70811537366520805 0.70437299606089665
1633452081.5618608 42.307573195002362 -50.541090361639291 -4.5308694151844975 0.050543175137499077 0.01551735410745839 -0.70943201135731404 0.70278789149361565
1633452082.0287306 42.304987484542615 -50.984755057005565 -4.586755476794889 0.054451662056022691 0.018035400783222962 -0.71019607162962883 0.70166322453137775
1633452082.5620127 42.301502469728234 -51.506850378319307 -4.660472408271203 0.051220315066589625 0.018145835501096948 -0.71173294458951175 0.7003452174209458
1633452083.0622199 42.289246122685235 -52.008498964905385 -4.7267188021267996 0.046497876238074901 0.014243440206495248 -0.71340476622694649 0.69906273784340034
1633452083.5620568 42.281819177399719 -52.512985980610459 -4.781808704168653 0.04126861723144748 0.0048564520454038749 -0.71351188996278891 0.6994098219120648
1633452084.0619667 42.274889442435139 -52.985730977951619 -4.837776169769973 0.053274689479993455 0.0055192327159328206 -0.71474968802426664 0.69732648666191765
1633452084.5622427 42.265646537967363 -53.42133484737446 -4.8988562836281835 0.05870351340008078 0.014650470115810292 -0.71463749135629351 0.69687338676969035
1633452085.0621297 42.232739912414232 -53.912260694461935 -4.967462121829568 0.040864633438710662 0.018343288466850897 -0.73226086915644395 0.67954957508955394
1633452086.5622807 41.955888923750365 -55.087034751450425 -5.1573433714137575 0.039229681858115116 0.037311520230763076 -0.83533715964777355 0.54706554655815343
1633452088.0621676 41.258501757254855 -56.132319709005351 -5.3777989793779959 -0.050357131956206461 -0.051195813357477249 0.90295073736216269 -0.42370168025739741
1633452088.5624418 40.985964346187835 -56.416901526886612 -5.4451959216273549 -0.041545057701354693 -0.053547218475210961 0.93309443547722837 -0.35318759612364004
1633452089.0625148 40.651145868272017 -56.633938397130862 -5.500686534505336 -0.030867713390580243 -0.059145191092731399 0.95986642941775946 -0.2724068066650438
1633452090.0622737 39.929284824726771 -56.968044807290063 -5.6143236157770007 -0.022401136748660674 -0.067816304350320294 0.98146087620382816 -0.17785861356102597
1633452090.5624378 39.584057372407223 -57.054839987308682 -5.6652725697706172 -0.010665618063909511 -0.069219621421834521 0.98992740306580562 -0.12303912085563203
1633452091.0625467 39.251637767376991 -57.076197264866096 -5.7043350231906693 -0.0096718221892526691 -0.067350806317349091 0.99610697090766132 -0.056046652470153627
1633452092.0293598 38.527831493571924 -56.995927393003321 -5.7541502063209249 -0.0096485309069081968 -0.082203848990791806 0.99403164011488543 0.071067091631448601
1633452092.5654948 38.101915331348373 -56.901760482030184 -5.7740432770518737 -0.0088523020877624616 -0.0844187943474978 0.98800851340737439 0.12897395606561921
1633452093.0627177 37.680572314478091 -56.762014979014566 -5.7867093297124281 -0.0059809190079733923 -0.085106328018402677 0.98355748018123346 0.15917231140682428
1633452095.0628147 35.987364473255091 -56.089494591301303 -5.8330936769913428 -0.0020199201644207636 -0.081851842531236702 0.97679001206711891 0.19793298897024025
1633452096.0628197 35.267881969676345 -55.695979095391159 -5.8449300530548065 -0.00089907712191497852 -0.084593034001938933 0.96447127123261622 0.25027660143453562
1633452097.0295827 34.5110736950488 -55.240072034330119 -5.8633347635941053 0.00091581125063748612 -0.085475127256558384 0.95665141686185629 0.27840838803174711
1633452097.5629907 34.123365213746212 -54.985727519476598 -5.857036993875802 0.0010815844939535539 -0.085355380686905402 0.95524636471906266 0.28322724419412054
1633452098.0630248 33.717441630766331 -54.702501434367598 -5.8556680784979154 0.0027627832515022782 -0.085365836792134261 0.94618500688212703 0.31215216431887477
1633452098.5629008 33.341566846366703 -54.410707302297276 -5.8463906463428792 0.0045163996530997886 -0.085405965546164628 0.94150649872859504 0.32596155606931271
1633452099.0671747 32.984447919025634 -54.112499766477576 -5.8323649547240599 0.0036793285074255486 -0.085514056800733165 0.9334258341411954 0.34841070705280242
1633452099.5630717 32.653178281930529 -53.800553282017596 -5.8179242023672568 0.0050056729583205046 -0.085650085331079845 0.92472238132622087 0.37084703530617719
1633452100.0631328 32.398381506923528 -53.541025051544914 -5.8002777158353513 0.0038878882005221032 -0.085995133747611058 0.91772751309846534 0.38777046432030055
1633452100.5629318 32.33117619911598 -53.501245242732551 -5.7914777253773329 0.0035892427862136136 -0.086392977322250958 0.9156617711468914 0.39253903202835888
1633452101.0629628 32.003328671248475 -53.147269090086333 -5.7727554287800551 0.0041377854981031626 -0.087070993322841933 0.9155583572073559 0.39262503155137396
1633452102.5631568 31.038864144224945 -52.082463669777141 -5.7181623036550011 0.00027691299417953978 -0.086870742996494388 0.91390463667751631 0.39652454197662457
1633452103.0632458 30.716234221016176 -51.717262497141022 -5.7002878894031426 0.00020123479914664326 -0.086687857392211257 0.91298259073178478 0.39868278606680041
1633452104.0634518 30.067633513272519 -51.000066378912486 -5.6682160786439466 6.6049480364690168e-05 -0.085629046626880659 0.91205990766850975 0.40101669146676633
1633452104.5634198 29.750127002099816 -50.641011742905029 -5.6506148632031676 -0.00085700496572994216 -0.083873670158368066 0.9114089932879863 0.40286240821208164
1633452105.0632617 29.427876852198644 -50.281899895265582 -5.6375279387727009 -0.0018453276945463494 -0.083429547523961436 0.91108589230773873 0.40368131267555968
1633452105.5635548 29.10389439612527 -49.922256165884193 -5.6293130959494873 -0.00094097136337813897 -0.081486701224937133 0.9103448983635779 0.4057477025440599
1633452106.0635726 28.780732294565187 -49.556902666839861 -5.6129079853606756 -0.00081576810486801057 -0.081959149968600348 0.91014201463980993 0.4061078002774835
1633452106.5634928 28.464680588133817 -49.195114670974803 -5.5981780198303337 -0.0011941259323266942 -0.081696369461397134 0.90926434696549441 0.4081208456051989
1633452107.0633047 28.14943852511805 -48.826562883679522 -5.588683022738854 0.0014715339999704453 -0.081081462915662136 0.90916704539767235 0.40845919566342836
1633452109.0634809 26.887913740776291 -47.350640580254691 -5.5219986557757421 -0.00063791679767467315 -0.078847183161357082 0.90755695162573746 0.41245980934568938
1633452133.5653288 22.212134827146755 -27.292529439647495 -4.4042410297316419 0.03655844769699907 -0.072849377269284268 0.50737870725641121 0.85785971787716087
1633452135.5653567 22.960025605378469 -25.850082614791329 -4.1175249665724349 0.041270222598978806 -0.070338376215075021 0.43167229141034608 0.89833641492850813
1633452147.0660317 25.302496666870113 -22.849824160721685 -3.8095906285838566 0.043326666760622475 -0.062801530977036779 0.41856527504361091 0.90497617547757958
