1648154255.01496 0 0 0 0 0 0 0
1648154255.51619 7.26160966385558e-06 6.14223611972164e-07 -1.49011611938477e-08 -6.1813527346459e-05 -3.55855809996974e-06 0 0
1648154255.9817 6.08344736316435e-06 2.18861666567705e-08 5.21540641784668e-08 -5.34440584799081e-05 -3.07650933395465e-06 0 0
1648154256.4486 4.05101579031841e-07 -6.27187109358829e-07 1.11758708953857e-07 -6.38774245407397e-06 -3.67559606972989e-07 0 0
1648154257.48173 2.64710724823258e-06 2.73118508165027e-06 1.86264514923096e-07 -2.51642380225681e-05 -1.44822276415546e-06 0 0
1648154257.98191 5.52567268016779e-06 3.53026321464611e-06 2.68220901489258e-07 -4.8523150078153e-05 -2.79311706474772e-06 0 0
1648154258.48169 1.39700628617179e-05 4.5032306243975e-06 3.20374965667725e-07 -0.0001189950230637 -6.85387273746674e-06 0 0
1648154258.98204 1.40153678413191e-05 4.50847243627095e-06 3.72529029846191e-07 -0.000119374452988916 -6.87574989399753e-06 0 0
1648154259.98191 9.84003619836082e-06 5.20728564001871e-06 4.84287738800049e-07 -8.36573090407938e-05 -4.81700636478788e-06 0 0
1648154260.9818 1.36110648877863e-05 3.72575241147644e-06 4.91738319396973e-07 -0.000114490841683967 -6.59418186810257e-06 0 0
1648154261.98213 1.24707128292545e-05 2.87168468071641e-06 6.18398189544678e-07 -0.000104441202186792 -6.01483828432947e-06 0 0
1648154262.486 1.65528916541424e-05 3.34056524486925e-06 6.92903995513916e-07 -0.000138379933060116 -7.97175228717251e-06 0 0
1648154263.98223 2.29398409345716e-05 5.9978409123751e-06 7.5995922088623e-07 -0.000192619957124808 -1.1101646266054e-05 0 0
1648154264.4822 2.25633323129859e-05 5.46702944115296e-06 7.67409801483154e-07 -0.000188717858077343 -1.08763788518873e-05 0 0
1648154264.98198 1.50714540080865e-05 4.59963447330125e-06 7.89761543273926e-07 -0.000125972841134962 -7.25622264863279e-06 0 0
1648154265.48234 1.79408975760909e-05 5.64354599141836e-06 8.34465026855469e-07 -0.000149754959097963 -8.62789757039018e-06 0 0
1648154266.01774 1.7767863576601e-05 4.90825963828101e-06 8.49366188049316e-07 -0.000148305789068381 -8.54429791130595e-06 0 0
1648154266.48246 1.88858322592855e-05 5.98100892945652e-06 9.16421413421631e-07 -0.000156920059939378 -9.04126861867027e-06 0 0
1648154266.98229 1.88190430484847e-05 4.06247728124143e-06 9.46223735809326e-07 -0.000156111099053849 -8.99459523173718e-06 0 0
1648154267.48225 -9.73745451418595e-06 -2.63939594100648e-05 2.50488519668579e-05 -0.000177776853550665 -1.02448384080578e-05 0 0
1648154268.98226 7.24142944218131e-05 6.35431710618306e-05 7.49826431274414e-05 -0.000250548773882905 -1.44476653787251e-05 0 0
1648154269.44919 7.26552772414013e-05 5.7261643441997e-05 7.80448317527771e-05 -0.00024457983774287 -1.41027385580639e-05 0 0
1648154269.98255 6.80801897819383e-05 5.33416568568867e-05 7.88420438766479e-05 -0.000202518718917723 -1.16731684938198e-05 0 0
1648154270.98261 6.89500264241527e-05 4.9824729902781e-05 7.92853534221649e-05 -0.000206808539413753 -1.19208793265546e-05 0 0
1648154272.01591 7.11533523176933e-05 4.98002169266876e-05 7.94827938079834e-05 -0.000222266546486015 -1.28136378568788e-05 0 0
1648154272.452 5.76892183373756e-05 5.88643325643012e-05 9.47192311286926e-05 -0.000222570716297214 -1.28312072261716e-05 0 0
1648154273.01607 7.68740573683091e-05 7.36972769752597e-05 8.10250639915466e-05 -0.000209026563415926 -1.20489638674171e-05 0 0
1648154273.48263 0.000110693282603214 0.000138370135876364 4.4606626033783e-05 -0.000213465653728109 -1.23053234831749e-05 0 0
1648154273.98241 0.000135338267209795 0.000198123630205771 2.17035412788391e-05 -0.00017251869572283 -9.94136800691603e-06 0 0
1648154275.0163 0.000147334929373188 0.000222904088026166 1.07884407043457e-05 -0.00015418360730525 -8.88339032045771e-06 0 0
1648154275.51638 0.000154881516492594 0.000219369288143145 1.0274350643158e-05 -0.000208900761283673 -1.20416990218031e-05 0 0
1648154276.98306 0.000157264889350195 0.000210361093231359 9.7230076789856e-06 -0.000212637936432933 -1.22575209062781e-05 0 0
1648154277.48295 0.000156761765005203 0.000207414137330719 9.67830419540405e-06 -0.000206427404910718 -1.18988703972089e-05 0 0
1648154277.98288 0.000153485565895228 0.000205581642596542 9.59634780883789e-06 -0.000177366450218791 -1.02211513061112e-05 0 0
1648154278.48314 0.000152006189972242 0.000202996803797539 9.5367431640625e-06 -0.000162854967785571 -9.3837060883839e-06 0 0
1648154278.98302 0.000153370723323942 0.000200736118055378 9.49203968048096e-06 -0.000171787081942702 -9.8991457009312e-06 0 0
1648154279.4496 0.000150808670873415 0.000199219776686022 9.41008329391479e-06 -0.000148332925582077 -8.54586334197993e-06 0 0
1648154279.983 0.000158582944144198 0.000196986259111132 9.32067632675171e-06 -0.000210947297899645 -1.21598847835358e-05 0 0
1648154280.48315 0.000163007064560405 0.000195764532763931 9.25362110137939e-06 -0.000243257680653308 -1.40263399308616e-05 0 0
1648154280.98321 0.000162960146037477 0.000192359033485356 9.11951065063477e-06 -0.000238371925107804 -1.3744039992325e-05 0 0
1648154281.51675 0.000157867928691463 0.000189823521072885 9.07480716705322e-06 -0.000192978216676458 -1.11223292867946e-05 0 0
1648154281.98297 0.00015855191841832 0.000187725922306647 8.99285078048706e-06 -0.000196460333011884 -1.13233653555866e-05 0 0
1648154282.48497 0.000153202292530602 0.000184922654092201 8.92579555511475e-06 -0.000148911143923479 -8.57921933983263e-06 0 0
1648154282.98336 0.000150006972138378 0.000181412027339789 8.89599323272705e-06 -0.000119155068770652 -6.86310062925077e-06 0 0
1648154283.48337 0.000151874663988499 0.000179682862174069 8.76933336257935e-06 -0.000132051487986708 -7.60676507849389e-06 0 0
1648154283.98327 0.000152330249467286 0.000177306563808433 8.71345400810242e-06 -0.000132622290913244 -7.63968395722792e-06 0 0
1648154284.48337 0.000155716318517962 0.000175763570211984 8.65757465362549e-06 -0.000158984035872924 -9.16035368059287e-06 0 0
1648154284.98747 0.000155151817032323 0.000173051458296491 8.64267349243164e-06 -0.000152509121260108 -8.78678537741262e-06 0 0
1648154285.48345 0.000157084328199608 0.000171316099372376 8.54581594467163e-06 -0.000164950094834117 -9.50460100324069e-06 0 0
1648154285.98343 0.00015912185586775 0.000170567325851412 8.55326652526855e-06 -0.000179768204363169 -1.03597748922768e-05 0 0
1648154286.48351 0.000156926053409556 0.000168357384253248 8.49366188049316e-06 -0.000157883805730875 -9.09687325312269e-06 0 0
1648154286.98362 0.000159065637943157 0.000166656376009211 8.411705493927e-06 -0.000172807841109103 -9.95805508108294e-06 0 0
1648154287.48379 0.000154271415919227 0.000165116640945318 8.35955142974854e-06 -0.00013040956169319 -7.51207507632135e-06 0 0
1648154287.98375 -8.49696846432213e-05 7.23766446637519e-05 3.01375985145569e-05 -0.000130759184866436 -7.5322376417164e-06 0 0
1648154288.48374 6.76984103334388e-05 0.00024855360306697 2.90572643280029e-06 -0.000112461675605691 -6.47719592694607e-06 0 0
1648154289.51714 8.695303634218e-05 0.00030911408831269 3.43397259712219e-05 -6.08152968365194e-05 -3.50106021818064e-06 0 0
1648154290.48397 5.93590342457262e-05 0.000352401288261195 2.99066305160522e-05 -0.000105018012750244 -6.04808762683096e-06 0 0
1648154290.98378 9.9923092773041e-05 0.000351863370925631 4.38392162322998e-05 -8.33292924763279e-05 -4.7981053636903e-06 0 0
1648154291.48383 -2.80902672425976e-05 0.000153700492714126 4.47109341621399e-05 -2.88144697768306e-05 -1.65834947951637e-06 0 0
1648154291.98401 2.36282727465453e-05 0.000157176606163656 4.51207160949707e-05 -5.61163541118737e-05 -3.23041549032954e-06 0 0
1648154292.45297 -1.68159480318786e-05 0.000130308975415883 3.92571091651917e-05 -2.68934623252406e-05 -1.54776442451432e-06 0 0
1648154294.48399 1.27902461028451e-05 0.000217834660479976 -6.26295804977417e-05 -9.78823068047488e-05 -5.63678453879835e-06 0 0
1648154294.98414 2.14961645146894e-05 0.0002447597733366 -4.66704368591309e-05 -7.94428676740289e-05 -4.57416966115343e-06 0 0
1648154295.48405 3.40798046261082e-05 5.59496828436146e-05 7.39321112632751e-05 -9.79719219780864e-05 -5.64194965246845e-06 0 0
1648154295.98423 -1.69560829406112e-05 5.36230443484165e-05 7.82385468482971e-05 -8.48731889736346e-05 -4.88706885515278e-06 0 0
1648154296.98413 0.000188883976600079 0.000220986143012691 5.73918223381042e-05 -6.71137152303061e-05 -3.86386465767163e-06 0 0
1648154297.48418 0.000194201659638626 0.000226412695153222 5.4873526096344e-05 -6.29784240116851e-05 -3.62565718570185e-06 0 0
1648154297.98435 0.00019683709601015 0.000229910513011244 5.43370842933655e-05 -7.45671571259904e-05 -4.29325280526527e-06 0 0
1648154298.48438 0.000201086826156854 0.000232050222515046 5.4091215133667e-05 -0.000108660981669215 -6.25808859566757e-06 0 0
1648154298.98417 0.0002015057281676 0.000231880950276153 5.41433691978455e-05 -0.000113666855237567 -6.54667671617926e-06 0 0
1648154299.48411 0.000201138498445441 0.000233275873605887 5.41508197784424e-05 -0.000111090493368785 -6.39814656200333e-06 0 0
1648154299.98412 0.000201498026669023 0.00023665532652295 5.41359186172485e-05 -0.000114101544512281 -6.57173769880171e-06 0 0
1648154300.51753 0.000194774301772005 0.000236365011977657 5.40763139724731e-05 -5.85393439038254e-05 -3.36996951988411e-06 0 0
1648154300.98432 0.000194906991036664 0.000238992618821321 5.40688633918762e-05 -5.89018300222316e-05 -3.39084770428766e-06 0 0
1648154301.48437 0.000193268919091605 0.000241443139150199 5.40390610694885e-05 -4.64310703077106e-05 -2.67264277298285e-06 0 0
1648154301.98437 0.000190411944673646 0.000243054849298208 5.40763139724731e-05 -2.50001244031031e-05 -1.43877582747809e-06 0 0
1648154302.48595 0.000194627078880849 0.000244281255985523 5.40465116500854e-05 -6.20486174635962e-05 -3.57209939028102e-06 0 0
1648154302.98453 0.00020266239425995 0.000245929267865375 5.3994357585907e-05 -0.000129593832065525 -7.46503290005585e-06 0 0
1648154303.48448 0.000198914611791501 0.000246715355913363 5.39720058441162e-05 -0.00010020287554445 -5.77053683048501e-06 0 0
1648154303.98449 0.000198124679840317 0.00025044558657461 5.39571046829224e-05 -9.4086396182809e-05 -5.41800857123409e-06 0 0
1648154304.98467 -0.0565175857951825 -0.00660755918895983 0.00221049040555954 0.000785527758641102 4.48877947748505e-05 0 0
1648154305.48456 -0.257665777193859 -0.00699516868316374 0.00119728595018387 0.119797709929962 -0.000294714764257908 0 0
1648154306.48464 -0.779582118378415 0.140670122767788 0.0215009152889252 0.49622680360007 -0.099756028631463 0 0
1648154306.98475 -0.947529516473098 0.395470230567766 0.070326908994125 0.649414423274902 -0.192437103551459 0 0.00874164809827379
1648154307.48486 -0.950205391920498 0.591335050371985 0.073258194737566 0.789049126058268 -0.316654252380418 0 0.0067311606321953
1648154307.9848 -0.873206429791935 0.787001018151236 0.0401254996838637 0.892041537431764 -0.447507354300414 0 0.0043933900861352
1648154308.48465 -0.808792596856115 0.873797284389078 0.0147960831906326 0.910679147991995 -0.476861169778245 0 0.00624911118873364
1648154308.98504 -0.623359145146825 1.12941230014069 0.0083537089937322 0.980831014944164 -0.614495147968084 0 0.00336010484781124
1648154309.48483 -0.370083327590362 1.31566945341038 0.0104372724890709 1.02909061143174 -0.761914301268278 0 0
1648154310.0184 0.0351690636388694 1.46234380509798 0.0245327055454254 1.04587936792188 -0.846711398089009 0 0
1648154310.48516 0.449732267169886 1.57813005040574 0.0297947973012924 1.05315686556503 -0.905859595703046 0 0
1648154310.98509 0.860719577462986 1.63240858383683 0.0401697158813477 1.05670397972618 -0.959906008699258 0 0
1648154311.48795 1.32554225952648 1.68191933763094 0.0632470846176147 1.05668424840687 -0.959396504758454 0 0
1648154311.98728 1.78651688074665 1.73144048526842 0.0762497037649155 1.05648116715308 -0.95449569813897 0 0
1648154312.4849 2.20684697351809 1.76649245765179 0.0858821719884872 1.05102546827785 -0.885237200690472 0 0
1648154312.95176 2.5467855005778 1.87078814151617 0.0907421261072159 1.04217966620307 -0.824296931208481 0 0
1648154313.48532 3.02050660060098 2.03203621783391 0.114190563559532 1.04185018610451 -0.82244301070429 0 0
1648154313.98532 3.44344649599386 2.17689160816298 0.133001506328583 1.04755906763717 -0.858097141276114 0 0
1648154314.45192 3.85020093795087 2.30271425211786 0.145289689302444 1.04988845009585 -0.875660643350352 0 0
1648154314.98517 4.30769283064582 2.42494086628454 0.173961833119392 1.05017629609982 -0.878011947754448 0 0
1648154315.48794 4.73330362842618 2.53541740776606 0.190863057971001 1.0501804987998 -0.878046623501709 0 0
1648154315.98529 4.96971284382777 2.59422890109034 0.191514119505882 1.05052801779036 -0.880949896148384 0 0
1648154316.48524 5.29265832816643 2.65832119480775 0.194777950644493 1.05057865952149 -0.881379073273116 0 0
1648154316.98512 5.65408452735361 2.7444046734276 0.195782348513603 1.05045076956163 -0.880298282095176 0 0
1648154317.48542 6.06792271976045 2.8364179681988 0.193508848547935 1.05024439468461 -0.878575072060512 0 0
1648154318.48555 6.51883991650642 2.90487760404548 0.181560352444649 1.05508409960316 -0.929700486268717 0 0
1648154319.98666 7.05529582018805 2.99813249337327 0.160587593913078 1.05121639534711 -0.886927106156621 0 0
1648154320.98551 7.57146046188525 3.10737417297951 0.147189970705575 1.05085984264381 -0.884081974560057 -0.0081501237173723 0
1648154321.98562 7.89102297460024 3.17571575821 0.138973775217824 1.05065884188214 -0.882231141706336 0.00627184505446753 0
1648154322.95213 8.1704173280964 3.23281487142591 0.129187839455042 1.05147754027917 -0.890859130229045 -0.0184840119601878 0
1648154323.48568 8.27240944455203 3.25267270575739 0.122444141472007 1.05531181627751 -0.938587712738851 -0.0262067210068382 0
1648154323.98555 8.36775297816952 3.25026298003802 0.117176953352903 1.05705037197008 -1.01069008649444 -0.0251623964001291 0
1648154324.95246 8.5745911155997 3.18775681854919 0.117824838903401 1.04409860537048 -1.15959561902901 -0.0225946922572237 0
1648154325.48594 8.702655047884 3.10797589639694 0.117664209854951 1.01913369227529 -1.27182966402646 -0.0189619600073534 0
1648154326.98596 8.98574744698407 2.71583938411617 0.129867991553333 0.909633085026545 -1.52145139775109 -0.0116622430703777 0
1648154327.48593 9.04596154519153 2.56350662153734 0.128570935728656 0.865933222032319 -1.58673545121647 -0.0120402623284216 0
1648154327.98579 9.06545786333567 2.43884628488387 0.133099485013174 0.826913102100481 -1.63698524673269 -0.00771318585407686 0
1648154328.98617 9.19257043797134 1.65686633757083 0.144722789525986 0.817281482656245 -1.64846088166155 0 0
1648154329.98588 9.29706713612542 1.19945830248408 0.144058983436243 0.852111624136688 -1.60526279738365 -0.0125471214638906 0
1648154330.95324 9.29965254406125 1.18089194336188 0.141183666884899 0.853509604012479 -1.6035580325881 0 0
1648154331.4863 9.29866645382048 1.18088294877016 0.138805322349072 0.85352741626299 -1.60353460239822 0 0
1648154331.98616 9.29805047120827 1.181388447391 0.138964347541332 0.85350771822892 -1.6035605130593 0 0
1648154332.48605 9.29788044271004 1.18167019496822 0.138837717473507 0.853494908396741 -1.60357736208683 0 0
1648154333.48638 9.29836128848165 1.18240783638757 0.138583935797215 0.853527219390387 -1.60353486137178 0 0
1648154333.98627 9.29881271060232 1.18270947516414 0.138601683080196 0.853574842648747 -1.60347221086872 0 0
1648154334.45308 9.41060116407922 0.869427474907797 0.15491821616888 0.855826494194458 -1.60049832494025 0 0
1648154336.48638 9.72058048480723 -0.472395732090032 0.176222426597006 0.798522713678566 -1.66971771959646 -0.00805373548020583 0
1648154336.98708 9.76954777200436 -0.856077753936551 0.178033778116048 0.797257386138676 -1.6710585075544 -0.0116856236183708 0
1648154337.98652 9.82535310469817 -1.59271379231259 0.151807963848114 0.797275174420539 -1.67114043495823 0 0
1648154338.98642 9.86368546354098 -2.05882803298477 0.150920569896698 -0.495889847057814 -0.165388655148473 0 0
1648154339.45341 9.81410617509165 -2.12442740150441 0.145409278571606 -0.35562480836923 -0.0876485852455485 0 0
1648154341.4866 9.06891064141447 -2.65187944380172 0.158296801573165 -0.194241129002506 -0.0305513656008115 0.00481456907431927 0
1648154341.9869 9.04110096676829 -2.66403163206235 0.160007746384455 -0.184351892254195 -0.0280295746691729 0.00397360388220806 0
1648154342.48702 8.96815654524095 -2.69324991296362 0.169296443462372 -0.12670597477991 -0.0154504662648963 0 0
1648154342.98695 8.72968225968013 -2.77381935271627 0.188732039038577 -0.0915116090970473 -0.00951064441823257 0.00340859704307915 0
1648154343.48683 8.39015406585084 -2.87912397189882 0.194098190636653 -0.0828533703024604 -0.00825406974721976 0.0054174488665547 0
1648154343.98709 8.11204704173424 -2.9457305290719 0.19844820684961 -0.0500943168998222 -0.00416268861762958 0.00545053037615738 0
1648154344.45356 7.77908706865241 -3.00601594670066 0.21015036776671 -0.0314214027810824 -0.00232046629033333 0.00553984665690259 0
1648154344.98704 7.36780994189795 -3.08828112724198 0.213168694390535 -0.0316970185148673 -0.00235320476109957 0.00684432614429576 0
1648154345.48686 7.09026365263915 -3.13697442201197 0.211665396225713 -0.0333175826745111 -0.0024823959828234 0.00355455231683778 0
1648154345.98703 6.75575502279586 -3.19360577177244 0.21314027821025 -0.0314667222123193 -0.0023296883757371 0.00640344391987276 0
1648154347.98692 5.49717308944239 -3.40501641866851 0.202292755246162 -0.0322024090732489 -0.00237504839329672 0 0
1648154348.98739 4.65066681047763 -3.54455500564297 0.194870196861953 -0.0320998073536152 -0.00244690955427196 0 0.0127091914854765
1648154349.48734 4.32962982191042 -3.60585735609587 0.192395113804146 -0.0336758114633561 -0.00254946530542444 0 0.00900332992851824
1648154352.48719 2.3418033830211 -3.97583105647817 0.170497152749886 -0.0337829032404743 -0.0025289618984613 0 0.00454943018757737
1648154352.98765 2.01139789428237 -4.03848238707169 0.171331712660543 -0.0329575941671887 -0.00245001267784151 0.00365389825539706 0
1648154353.48759 1.57313749458404 -4.11840293948877 0.166302872025326 -0.0338907162048304 -0.00253870182778226 0.00451810996711312 0
1648154381.98934 -10.3315204494281 10.6628815636481 0.286148935556412 0.695059466190807 -0.227994659761926 0 0
1648154386.48939 -11.2775185626111 14.3932897929562 0.388364964037441 0.686549171565034 -0.221137070618833 0 0.0129463995376555
1648154389.98966 -11.9720179143938 17.6137971668299 0.416289642453194 0.684782793039298 -0.219602987705648 0 0
1648154399.4904 -14.0010581305047 26.2126746657003 0.501345014357221 0.67423376166059 -0.211310759817785 0 0.0118546357774271
1648154400.49014 -14.2451106043539 27.1296262859391 0.489788848596465 0.672165243726124 -0.209676409290754 0 0.0106148621837696
1648154403.99042 -14.5693173208873 30.0344269708706 0.514765767497233 0.923785835370476 -0.498976487467689 0 0.00881548670126096
1648154415.49115 -4.81369486477632 32.5791870396838 0.613529458642006 1.05013761103211 -0.877693238909292 0 0
1648154415.99104 -4.4131258443812 32.6689500001996 0.612512603402138 1.05016677597697 -0.877933436346492 0 0
1648154416.49128 -4.01592332325119 32.7667365419354 0.618039861321449 1.05002515106761 -0.876771546460607 0 0
1648154416.99133 -3.5898417299178 32.8558683235232 0.618150308728218 1.05228625222922 -0.896922676247051 0 0
1648154418.99147 -1.74281156180136 33.1455105165769 0.612657621502876 1.05380231836158 -0.913093515086385 0 0
1648154437.49245 4.31610386637344 26.8577499463292 0.676345235074048 0.848560566012427 -1.60999071817317 -0.00523563563477142 0
1648154441.49275 5.19746320010291 23.1094621025128 0.699889670290019 0.837825195414336 -1.62359087309844 -0.00873074530402619 0
1648154445.99313 6.20305266737633 18.8914659903601 0.711065426468849 0.845093669666812 -1.61447108684789 0 0
1648154452.4934 7.63183098715228 12.91943519811 0.737824063800049 0.834502031539906 -1.62763664701021 -0.013278273991122 0
1648154465.49418 9.94569562920848 3.06017890391731 0.796839155776021 0.847681956791492 -1.61110131399999 -0.00754974149900381 0
1648154466.49424 9.94588450796282 3.05997609914011 0.79648165792636 0.847710196215882 -1.61106990174715 -0.00713168361125113 0
1648154476.49487 6.87065493550363 1.59439560012658 0.780395045876503 -0.160875728299044 -0.022471297497618 0 0
1648154477.99464 5.51377975559538 0.998648865091422 0.806300178170204 -0.167275558456013 -0.0239251066399176 0 0
1648154478.49489 5.07616628594109 0.799931140843438 0.818256035447121 -0.168318428644703 -0.0241661981978228 0 0
1648154481.9951 2.50116727815906 -0.53003730626677 0.84150190391434 -0.292638955272936 -0.0616330933190173 0 0.00249565175607262
1648154487.96205 0.387095197652624 -1.66990509595375 0.814886227250099 -0.0392642415177588 -0.00303592447915424 0 0
1648154491.99629 0.38707448713783 -1.66994083256306 0.814846768975258 -0.039326983027157 -0.00304202261822595 0 0
1648154493.99583 0.387072900571997 -1.66993982465267 0.814847126603127 -0.0393498469322891 -0.00304424586003482 0 0
