1 0 0 0 0 1 0 0 0 0 1 -0.00049115417056697194438
1 0 0 -0.00052469136025969228491 0 1 0 -0.00016912215023578492431 0 0 1 -0.015592192419975293635
1 0 0 -0.0097702598093422441533 0 1 0 -0.0014153913814874347424 0 0 1 -0.088463495898178159949
1 0 0 -0.03677899028366485995 0 1 0 -0.0040747523710627699817 0 0 1 -0.14782613972850555673
1 0 0 -0.081318512489908054142 0 1 0 -0.0078185990626308855822 0 0 1 -0.17929735208918146094
1 0 0 -0.14213785284680025001 0 1 0 -0.012518077159247690405 0 0 1 -0.16094708873290844431
1 0 0 -0.20616960930311784006 0 1 0 -0.017092175222870608503 0 0 1 -0.12442675928995761137
1 0 0 -0.25453779761586159402 0 1 0 -0.020326032577534000612 0 0 1 -0.051474890661615896326
1 0 0 -0.29351059621123987142 0 1 0 -0.022797901234546443655 0 0 1 0.027678194601324607876
1 0 0 -0.28052013844878082027 0 1 0 -0.021789179161787221306 0 0 1 0.1142333867589459262
1 0 0 -0.24727028786058741217 0 1 0 -0.01963942054524379574 0 0 1 0.18450092921281979752
1 0 0 -0.21834539056360985354 0 1 0 -0.017724605489890701837 0 0 1 0.22613959342812475772
1 0 0 -0.17366009318707043008 0 1 0 -0.015295293234156388459 0 0 1 0.26292853043946906588
1 0 0 -0.13651975285867168353 0 1 0 -0.013442600327736911256 0 0 1 0.28443890659136228383
1 0 0 -0.10718256868397391113 0 1 0 -0.012140023220330350973 0 0 1 0.29648901360778051606
1 0 0 -0.084810693353586819043 0 1 0 -0.011293372240191165007 0 0 1 0.30285115905885640064
1 0 0 -0.067428753129939303368 0 1 0 -0.01095405903966676156 0 0 1 0.30705949731392750968
1 0 0 -0.056280528957654202271 0 1 0 -0.010647729889125835331 0 0 1 0.30791076962505908865
1 0 0 -0.10273234664823303885 0 1 0 -0.0052418334226683634125 0 0 1 0.2579363586601965963
1 0 0 -0.075560847258815275196 0 1 0 -0.007168043006165108165 0 0 1 0.27266613243856907545
1 0 0 -0.065785659027327358928 0 1 0 -0.0088503225307672329925 0 0 1 0.28243240236661454334
1 0 0 -0.081678859409771056854 0 1 0 -0.011683666558172819266 0 0 1 0.2902209523707645622
1 0 0 -0.10364787113629345128 0 1 0 -0.015383636105255941995 0 0 1 0.30441904901894850655
1 0 0 -0.12068910898169186996 0 1 0 -0.018071463451004441542 0 0 1 0.31594893429794990158
1 0 0 -0.12824356419632476634 0 1 0 -0.019039518618278482298 0 0 1 0.32101467957796603336
1 0 0 -0.14117810124503113456 0 1 0 -0.02064384543136305733 0 0 1 0.33017892639576007507
1 0 0 -0.14691192802570290921 0 1 0 -0.021319056793910329262 0 0 1 0.33585674126692466324
1 0 0 -0.15016252898580959019 0 1 0 -0.021704135021442361175 0 0 1 0.34102054048255014962
1 0 0 -0.15132020082513555903 0 1 0 -0.021761324892816541476 0 0 1 0.34591089404062769219
1 0 0 -0.14894108204850695087 0 1 0 -0.021376259390430897567 0 0 1 0.34975354765403382507
1 0 0 -0.14442095141307637052 0 1 0 -0.020778648944256298409 0 0 1 0.35293738747481939733
1 0 0 -0.13962221631509733055 0 1 0 -0.020160702559812344881 0 0 1 0.35673328683416494211
1 0 0 -0.13812762090227920231 0 1 0 -0.019873480146754524123 0 0 1 0.36318170838657010124
1 0 0 -0.13588181871331381223 0 1 0 -0.019503545193921219963 0 0 1 0.36931621024801636333
1 0 0 -0.13310297041916310801 0 1 0 -0.019094531204438543875 0 0 1 0.37529725068093816587
1 0 0 -0.13315399431392338503 0 1 0 -0.019004475932079132466 0 0 1 0.38314862513690634005
1 0 0 -0.097220264285143340177 0 1 0 -0.01479032841049123144 0 0 1 0.37487718012972304216
1 0 0 -0.16504321926289072797 0 1 0 -0.022487043089913553995 0 0 1 0.41628206739198181374
1 0 0 -0.13164731154851350148 0 1 0 -0.018597801033310153856 0 0 1 0.40960231118403894746
1 0 0 -0.13035539095764328565 0 1 0 -0.0183760942446963213 0 0 1 0.41631431542345315178
1 0 0 -0.12608570082744749441 0 1 0 -0.017826670168275226408 0 0 1 0.42091305719622096326
1 0 0 -0.11588189635870270455 0 1 0 -0.016596361869429004932 0 0 1 0.42379556625401049175
1 0 0 -0.1146562496301384293 0 1 0 -0.016386406564692174159 0 0 1 0.42961252832074553476
1 0 0 -0.13514949399654993534 0 1 0 -0.018726012161683045637 0 0 1 0.4477963659373537797
1 0 0 -0.1319662873092334876 0 1 0 -0.018351461089112092173 0 0 1 0.45168584216286433719
1 0 0 -0.1233606535718193703 0 1 0 -0.01741105257398411349 0 0 1 0.45406835348689927878
1 0 0 0.02051070362454503887 0 1 0 -0.00073690924838985957194 0 0 1 0.40609707426762636784
1 0 0 0.21905170382923658257 0 1 0 0.021811577030403463129 0 0 1 0.3385184926713694642
1 0 0 0.071351083398750403397 0 1 0 0.0058066751499331594952 0 0 1 0.41253057217433347637
1 0 0 -0.077921901738587734387 0 1 0 -0.01135509470556752068 0 0 1 0.46840819147468587547
1 0 0 -0.092199685317237656257 0 1 0 -0.01292691663302863829 0 0 1 0.47527038227182394348
1 0 0 -0.096383088484206722035 0 1 0 -0.013421104302307544989 0 0 1 0.47939719332953023567
1 0 0 -0.088402795408702869451 0 1 0 -0.012476702948275483415 0 0 1 0.47988638225983915042
1 0 0 -0.087719821355794064255 0 1 0 -0.012393880272702502421 0 0 1 0.48251409670608486069
1 0 0 -0.065489912574997311001 0 1 0 -0.0098287590055326570782 0 0 1 0.47929311355224868407
1 0 0 -0.13394552286558455978 0 1 0 -0.017768194849578922145 0 0 1 0.5012015585649511884
1 0 0 -0.021503249403272511192 0 1 0 -0.0049401758328652721833 0 0 1 0.47305702990747539038
1 0 0 -0.054591536779886630504 0 1 0 -0.008667320281444535271 0 0 1 0.48673099623368953903
1 0 0 -0.050614126717100277331 0 1 0 -0.0082859097107298076285 0 0 1 0.48901337586440984939
1 0 0 -0.052107947957666059247 0 1 0 -0.0082844118826703189856 0 0 1 0.49176435119559203102
1 0 0 -0.057699518253841987347 0 1 0 -0.0088354028876743932047 0 0 1 0.49520004547032137054
1 0 0 -0.060748606438687444142 0 1 0 -0.0093707709209589346022 0 0 1 0.49789939701420354856
1 0 0 -0.067228966641094012324 0 1 0 -0.010171581926405829505 0 0 1 0.50156593442804087157
1 0 0 -0.067580096225898889095 0 1 0 -0.010205175704640608372 0 0 1 0.50347181273311725214
1 0 0 -0.040480317422347616985 0 1 0 -0.007128078762286656038 0 0 1 0.49972171184453412218
1 0 0 -0.047072343019700750577 0 1 0 -0.0078499837269223743386 0 0 1 0.50483207517426531563
1 0 0 -0.040403856772208930626 0 1 0 -0.0070733151191593119159 0 0 1 0.50607513692076999678
1 0 0 -0.069908527691194682907 0 1 0 -0.010507628485449664602 0 0 1 0.51399376510855088185
1 0 0 -0.064030186911762834723 0 1 0 -0.0097625613217070597583 0 0 1 0.51639689303035329893
1 0 0 -0.081163540846064641254 0 1 0 -0.011768242165785666384 0 0 1 0.52161321760456735852
1 0 0 -0.092040035657201660357 0 1 0 -0.013024899513889520719 0 0 1 0.52482111412084364588
1 0 0 -0.06657190956679218119 0 1 0 -0.01006071428182874275 0 0 1 0.52160501755457033823
1 0 0 -0.10900895247398419141 0 1 0 -0.015065925750186334037 0 0 1 0.53043328502563513727
1 0 0 -0.059202036178432441982 0 1 0 -0.009202808857061902173 0 0 1 0.52274797157197905317
1 0 0 -0.10295170384692069188 0 1 0 -0.014379200100549566904 0 0 1 0.53147842109741016969
1 0 0 -0.10081151724360373767 0 1 0 -0.014145249664897257408 0 0 1 0.5320149772715901948
1 0 0 -0.098531348689768219473 0 1 0 -0.013899352844888369571 0 0 1 0.53255890937292182929
1 0 0 -0.096248709136385598995 0 1 0 -0.01364575442179579573 0 0 1 0.53314398572357502015
1 0 0 -0.081460484600313617931 0 1 0 -0.011912362441960292272 0 0 1 0.53201951837684868796
1 0 0 -0.07587108586393237486 0 1 0 -0.011256045966207561121 0 0 1 0.53221290256468378743
1 0 0 -0.074540548556574298678 0 1 0 -0.011116075767942171226 0 0 1 0.53298114071902313871
1 0 0 -0.095467357481781520145 0 1 0 -0.013639694555715974056 0 0 1 0.53748655357143526601
1 0 0 -0.087487721811802379723 0 1 0 -0.012699517341039296206 0 0 1 0.53728114389786207905
1 0 0 -0.066263378450734128355 0 1 0 -0.010129805166095469382 0 0 1 0.5363085079855338666
1 0 0 -0.064039758875120547654 0 1 0 -0.009878166052199786884 0 0 1 0.5371353940152947537
1 0 0 -0.069986182561283222237 0 1 0 -0.010574060439297462699 0 0 1 0.53874391740377758353
1 0 0 -0.072140831551158121626 0 1 0 -0.010838234592379623195 0 0 1 0.53965009012962217305
1 0 0 -0.073225956593683652618 0 1 0 -0.010985505310304255824 0 0 1 0.5404210880876256784
1 0 0 -0.073600554162955175719 0 1 0 -0.011036180671129115424 0 0 1 0.54109075856734811794
1 0 0 -0.074623137401442246608 0 1 0 -0.01116860322100276387 0 0 1 0.54187877323036859334
1 0 0 -0.057143558140918447597 0 1 0 -0.0089811468518071740225 0 0 1 0.54141097183532860271
1 0 0 -0.048894710799687247926 0 1 0 -0.0079877826746532227392 0 0 1 0.54148885601562124492
1 0 0 -0.055965927142221219559 0 1 0 -0.0088225405014253598102 0 0 1 0.54284588078277573597
1 0 0 -0.058989676901115277452 0 1 0 -0.0091926401525776225976 0 0 1 0.54370986100641205407
1 0 0 -0.091712805550677761746 0 1 0 -0.013232378231455262443 0 0 1 0.54770682846099882912
1 0 0 -0.088918228800196313921 0 1 0 -0.012889304459910912171 0 0 1 0.5479033686653388413
1 0 0 -0.088199493306244686197 0 1 0 -0.012809221564176263841 0 0 1 0.54828920742825415502
1 0 0 -0.041622081411932881911 0 1 0 -0.0070139861062680558187 0 0 1 0.54418278049096735494
1 0 0 -0.056975727227576350442 0 1 0 -0.0089176232917014090773 0 0 1 0.54668340901830991818
1 0 0 -0.0081400147968488118649 0 1 0 -0.0028039860156187368379 0 0 1 0.54251580648712971477
1 0 0 -0.027340256805331478868 0 1 0 -0.0051581918238284996808 0 0 1 0.54571137058092811234
1 0 0 -0.050251030070525018467 0 1 0 -0.0080457181748462315574 0 0 1 0.54884788851210608573
1 0 0 -0.05243087546935566029 0 1 0 -0.0083102659800649118782 0 0 1 0.54970613847119087492
1 0 0 -0.05898846978924308232 0 1 0 -0.0091383190788948860661 0 0 1 0.55054928548676762556
1 0 0 -0.082573062107720127112 0 1 0 -0.012176793498843452648 0 0 1 0.55283462585626841346
1 0 0 -0.084142673090295869165 0 1 0 -0.012383057491193489794 0 0 1 0.55320332795239357537
1 0 0 -0.068900857130027692854 0 1 0 -0.010409685851137953638 0 0 1 0.55288785616146929325
1 0 0 -0.073838593511351510723 0 1 0 -0.01104484101541365268 0 0 1 0.55365921826017328033
1 0 0 -0.078195151042738664238 0 1 0 -0.01160507630752797073 0 0 1 0.55426368245380897015
1 0 0 -0.072393943662378029691 0 1 0 -0.010864753358333471833 0 0 1 0.55408735611951809297
1 0 0 -0.073846431642079934932 0 1 0 -0.011053464546520628056 0 0 1 0.55450981017379685767
1 0 0 -0.074297055930102079424 0 1 0 -0.011110802967248818718 0 0 1 0.55480245631652058691
1 0 0 -0.074919288184612062298 0 1 0 -0.011188648097760187788 0 0 1 0.55516731176225564415
1 0 0 -0.054265972660583784715 0 1 0 -0.0084692701038838608119 0 0 1 0.55422990438529984303
1 0 0 -0.062330096154239178485 0 1 0 -0.0095217773888897367512 0 0 1 0.55542273777161610404
1 0 0 -0.068324079542124632747 0 1 0 -0.01030126009811282127 0 0 1 0.55622371067637443875
1 0 0 -0.069525212608496617106 0 1 0 -0.010450797552440013391 0 0 1 0.55660897795635777552
1 0 0 -0.063775877805074529525 0 1 0 -0.0096842035850834857352 0 0 1 0.55664335187699087726
1 0 0 -0.059094072650605018737 0 1 0 -0.0090617334534288628001 0 0 1 0.55664193912194515068
1 0 0 -0.077723510320250335792 0 1 0 -0.011534489503252269918 0 0 1 0.55808716169013439234
1 0 0 -0.076595787172702531342 0 1 0 -0.011386546212975034303 0 0 1 0.55825038820375649795
1 0 0 -0.036270428875587082396 0 1 0 -0.0060314575524058758674 0 0 1 0.55627863495982432518
1 0 0 -0.045821332897850980403 0 1 0 -0.0072758587257517881586 0 0 1 0.55748742281395802234
1 0 0 -0.025328941558714988119 0 1 0 -0.0044994837854769893087 0 0 1 0.55688067851855671542
1 0 0 -0.06075873508514358784 0 1 0 -0.0092398932789761779871 0 0 1 0.55962606429192396362
1 0 0 -0.066365155394593339233 0 1 0 -0.0099872038052028714455 0 0 1 0.56011200273589611953
1 0 0 -0.067650058070928956178 0 1 0 -0.010154351268843130746 0 0 1 0.56038705403140298689
1 0 0 -0.069555589042202589645 0 1 0 -0.010404127495637625553 0 0 1 0.56064507893829262919
1 0 0 -0.070474519946827296479 0 1 0 -0.010520378884876951595 0 0 1 0.56087624227516530429
1 0 0 -0.070722655706271272957 0 1 0 -0.010545275795493441739 0 0 1 0.56106755599885471675
1 0 0 -0.070524482086530171365 0 1 0 -0.010510380238905974587 0 0 1 0.5612394033181699049
1 0 0 -0.061351580368255449749 0 1 0 -0.0092244902939149012178 0 0 1 0.5611133750111079177
1 0 0 -0.079258178881546834105 0 1 0 -0.01172198204472033739 0 0 1 0.56206046707448198418
1 0 0 -0.077785743921017197477 0 1 0 -0.01150843826303758928 0 0 1 0.56218071761191512614
1 0 0 -0.055880057220597641188 0 1 0 -0.0084582662605155612551 0 0 1 0.56148499849772171011
1 0 0 -0.074647606473983191266 0 1 0 -0.011062872424554807613 0 0 1 0.56246199736552582316
1 0 0 -0.073896832902747719429 0 1 0 -0.010957641489676671342 0 0 1 0.56261581752879175067
1 0 0 -0.049605019600214440845 0 1 0 -0.0075480391753598684301 0 0 1 0.56193361774709360557
1 0 0 -0.054687990468888281193 0 1 0 -0.0082606310199757910367 0 0 1 0.56262473429747261733
1 0 0 -0.058901496728429529603 0 1 0 -0.0088428745747492851909 0 0 1 0.56300532231165856256
1 0 0 -0.059608288354181894475 0 1 0 -0.008931331711918332264 0 0 1 0.56323304644585259204
1 0 0 -0.061833474984454898926 0 1 0 -0.0092364756469083455354 0 0 1 0.56349199692174734011
1 0 0 -0.0616688891447857504 0 1 0 -0.0092077881664200788431 0 0 1 0.56363022918521998861
1 0 0 -0.061622228880571013054 0 1 0 -0.0091915101230194574261 0 0 1 0.56378137301292829964
1 0 0 -0.062610817444480409977 0 1 0 -0.0093268353683222150752 0 0 1 0.56401560393632621526
1 0 0 -0.063108851676497684791 0 1 0 -0.0093894287323253531469 0 0 1 0.56417713062034935412
1 0 0 -0.062718253026325582189 0 1 0 -0.0093264153811850620396 0 0 1 0.56431593496497800544
1 0 0 -0.062266114425179416858 0 1 0 -0.0092519468115972464811 0 0 1 0.5644533907728076505
1 0 0 -0.061211541127734900303 0 1 0 -0.0090935896427087794386 0 0 1 0.56455486020212986009
1 0 0 -0.072436261223100359419 0 1 0 -0.010714994030951014575 0 0 1 0.56499502761342990098
1 0 0 -0.040291629914545067093 0 1 0 -0.0060884395828380427629 0 0 1 0.56441094657002299773
1 0 0 0.0095867661679218570125 0 1 0 0.0010730793295414366769 0 0 1 0.56325904803986281966
1 0 0 -0.052743781599965414153 0 1 0 -0.0078256301287119127419 0 0 1 0.56578360054035670146
1 0 0 -0.053830308204429196117 0 1 0 -0.007981654635684499316 0 0 1 0.56599965552326070295
1 0 0 -0.030557844687140279377 0 1 0 -0.0045907526583155566086 0 0 1 0.5657400064469021439
1 0 0 -0.04394725120339623009 0 1 0 -0.0065155392388949089424 0 0 1 0.56634223407234973724
1 0 0 -0.051364411633663793755 0 1 0 -0.0075828366293956448937 0 0 1 0.56658254319626188966
1 0 0 -0.056439946710747958269 0 1 0 -0.0083128303977482009141 0 0 1 0.56674457092012420212
1 0 0 -0.058293687822133358201 0 1 0 -0.0085732229790026464461 0 0 1 0.56684593786101344914
1 0 0 -0.058070796534742473438 0 1 0 -0.0085278783634974188177 0 0 1 0.5669045930809373246
1 0 0 -0.055984924437109444273 0 1 0 -0.0082205263830654601298 0 0 1 0.56713314938629000306
1 0 0 -0.058147622770908069523 0 1 0 -0.0085284960739086777826 0 0 1 0.56733706305371467415
1 0 0 -0.059283105525767029742 0 1 0 -0.0086840592375018437615 0 0 1 0.56743102297763292619
1 0 0 -0.05621061462695316896 0 1 0 -0.0082133060202495677266 0 0 1 0.56773533855200930542
1 0 0 -0.054555692756540541399 0 1 0 -0.0079615601944855157041 0 0 1 0.56786302169999058886
1 0 0 -0.057515190686336613302 0 1 0 -0.008375203662226167467 0 0 1 0.56797579915208507018
1 0 0 -0.059528717905456322856 0 1 0 -0.0086601962801721235619 0 0 1 0.5680507661949019127
1 0 0 -0.057131724279028399394 0 1 0 -0.0082822031599324701795 0 0 1 0.56810882146208285803
1 0 0 -0.064537482212042834862 0 1 0 -0.0093790335295244539604 0 0 1 0.56819265796659068624
1 0 0 -0.065130210433658658475 0 1 0 -0.0094590740378396823834 0 0 1 0.56828775462757996628
1 0 0 -0.063838297877596997254 0 1 0 -0.0092487682347251638781 0 0 1 0.56837392700041122762
1 0 0 -0.034627812365983508258 0 1 0 -0.0048101793422602821121 0 0 1 0.56822779712795001839
1 0 0 -0.043322591044297684149 0 1 0 -0.0061105826938273955298 0 0 1 0.5685887152008863854
1 0 0 -0.041501162279836044389 0 1 0 -0.010854251890384731746 0 0 1 0.56884258471647408673
1 0 0 -0.11215226683534444685 0 1 0 -0.011120291872833731536 0 0 1 0.56314923061677313321
1 0 0 -0.17998906101042339012 0 1 0 -0.0060159427564724530721 0 0 1 0.55569515662296442571
1 0 0 -0.20473858377753254012 0 1 0 -0.011790592277102015725 0 0 1 0.55133735644635573081
1 0 0 -0.2337410168286070955 0 1 0 -0.023580934728514475751 0 0 1 0.54750122259001698932
1 0 0 -0.28592709272716765323 0 1 0 -0.0314132792037456407 0 0 1 0.53963146714977572316
1 0 0 -0.34429484061875664791 0 1 0 -0.041107758607611462331 0 0 1 0.53183649738499316761
1 0 0 -0.40381546706353765863 0 1 0 -0.037160968372862195064 0 0 1 0.52172084081204916917
1 0 0 -0.46922992035904770303 0 1 0 -0.02972953904897348773 0 0 1 0.51312435110807497196
1 0 0 -0.53927599127985348382 0 1 0 -0.015933259403118005954 0 0 1 0.50140430201712649083
1 0 0 -0.60049211964221282933 0 1 0 0.0028327573523729736651 0 0 1 0.4924211682165965942
1 0 0 -0.66180051928974081843 0 1 0 0.022476645213195076134 0 0 1 0.48309939968634568741
1 0 0 -0.74243534407549094389 0 1 0 0.057496947313534288448 0 0 1 0.47015316297288800573
1 0 0 -0.81166582104610662807 0 1 0 0.096485588315790432601 0 0 1 0.45498108560281458335
1 0 0 -0.8155324965746878485 0 1 0 0.13346062819118623133 0 0 1 0.47355304847815948843
1 0 0 -0.87287989615591876635 0 1 0 0.18595401477406284241 0 0 1 0.46398094476882711934
1 0 0 -0.91228258005076034998 0 1 0 0.23684586149798089738 0 0 1 0.4605384123778040184
1 0 0 -0.94906589296586341131 0 1 0 0.29038591951843945038 0 0 1 0.45509991931506316165
1 0 0 -0.98109365746887011728 0 1 0 0.34371519343206119457 0 0 1 0.44956616323532838653
1 0 0 -1.0096170524831804549 0 1 0 0.39880466006977716154 0 0 1 0.44606483247211947685
1 0 0 -1.0312964558032422513 0 1 0 0.44937962140393300503 0 0 1 0.44370032360234773483
1 0 0 -1.0429172380793578778 0 1 0 0.47679683183226845289 0 0 1 0.44487452184314191239
1 0 0 -1.0522214755218601834 0 1 0 0.50689867729374760152 0 0 1 0.44238192560480016358
1 0 0 -1.0573042512025636608 0 1 0 0.54107763928380980811 0 0 1 0.44120131891668212809
1 0 0 -1.0802680202723773384 0 1 0 0.61380375970628497928 0 0 1 0.43131491884869166409
1 0 0 -1.1034990240178232934 0 1 0 0.68316188924546761285 0 0 1 0.419485038164666868
1 0 0 -1.0614752477564726174 0 1 0 0.72899091275803840073 0 0 1 0.43177032977109347511
1 0 0 -1.0427401316076796434 0 1 0 0.7875395175199365605 0 0 1 0.43053706529452184792
1 0 0 -1.0338197677296085963 0 1 0 0.8225017228880237008 0 0 1 0.43232209260872955792
1 0 0 -1.0465401519787524975 0 1 0 0.83545397850653102534 0 0 1 0.43151936018722425459
1 0 0 -1.0532779028176009195 0 1 0 0.84033108047641935645 0 0 1 0.42905528315428109742
1 0 0 -1.0306712519863523436 0 1 0 0.86473184422525661841 0 0 1 0.42478247263880730689
1 0 0 -1.0205134191355957896 0 1 0 0.92673824971645035742 0 0 1 0.41897487906332203655
1 0 0 -0.99940916528837675514 0 1 0 1.0025741923117641452 0 0 1 0.41210655245700111848
1 0 0 -0.96790696442960766355 0 1 0 1.0879167006895094083 0 0 1 0.4081856944546876087
1 0 0 -0.936305910697100785 0 1 0 1.1329517623990599251 0 0 1 0.40480839658910899859
1 0 0 -0.91304013709253717401 0 1 0 1.17638089130577006 0 0 1 0.39684014554808427766
1 0 0 -0.87026586820663243138 0 1 0 1.2302857269900688841 0 0 1 0.38905043605853084632
1 0 0 -0.82490969979816641811 0 1 0 1.2737744741116663327 0 0 1 0.38489139553897022683
1 0 0 -0.74173414043077168234 0 1 0 1.3489928119132073014 0 0 1 0.37488204758619131374
1 0 0 -0.67343458006328937859 0 1 0 1.388149383650322255 0 0 1 0.36857075939736205772
1 0 0 -0.60158425500180157108 0 1 0 1.4310693529733133911 0 0 1 0.35990599098311859549
1 0 0 -0.52967929640109723266 0 1 0 1.4698945318220675293 0 0 1 0.35297493231804510927
1 0 0 -0.45092026304123572489 0 1 0 1.5119427899452644315 0 0 1 0.34379054332868119737
1 0 0 -0.35193928527852730292 0 1 0 1.5607131823316291452 0 0 1 0.32849151712096630318
1 0 0 -0.23561752922454684556 0 1 0 1.5987287477067422259 0 0 1 0.3171074261919366033
1 0 0 -0.15596253743167648453 0 1 0 1.6383119256658356111 0 0 1 0.3097607836194181119
1 0 0 -0.068711558467751870927 0 1 0 1.6730593066588468343 0 0 1 0.2979048905828765581
1 0 0 0.041992033163965908349 0 1 0 1.7182562198240600715 0 0 1 0.28663432886839296243
1 0 0 0.13977012153378443049 0 1 0 1.7511883436612996068 0 0 1 0.27673580583660206678
1 0 0 0.22226294929148748825 0 1 0 1.7747902602831644447 0 0 1 0.27038862472387409364
1 0 0 0.33211013659341676041 0 1 0 1.7961246670477597487 0 0 1 0.25880529562947951483
1 0 0 0.443026080424681723 0 1 0 1.8180593928386259428 0 0 1 0.24577980409522134919
1 0 0 0.56616139123188780058 0 1 0 1.8422753953174453301 0 0 1 0.22704765832957934935
1 0 0 0.66240009394995225112 0 1 0 1.857913265171082795 0 0 1 0.21567827379938792065
1 0 0 0.76011375262420988186 0 1 0 1.8758430374210588454 0 0 1 0.20277100488580376836
1 0 0 0.86487786384266429618 0 1 0 1.894658598843556252 0 0 1 0.18758529701208639939
1 0 0 0.96556509049686201074 0 1 0 1.9109213374005287189 0 0 1 0.17410584381833535406
1 0 0 1.0589871639111823054 0 1 0 1.9266282932608007616 0 0 1 0.16154216534553966778
1 0 0 1.1521244307417546349 0 1 0 1.9425198735131519179 0 0 1 0.14915562758864497894
1 0 0 1.2452339858773446846 0 1 0 1.9597615252415157006 0 0 1 0.13737351342757511685
1 0 0 1.3708819720615970095 0 1 0 1.9857550702872903692 0 0 1 0.11918261101000310331
1 0 0 1.5149778224160346252 0 1 0 2.0098641931000562622 0 0 1 0.10483919650364562082
1 0 0 1.6134597029905377585 0 1 0 2.0300938667422561146 0 0 1 0.091629660085187206175
1 0 0 1.7118384929187087096 0 1 0 2.0459854845487797093 0 0 1 0.07674247764116656767
1 0 0 1.8183543511898381251 0 1 0 2.0628674852967860964 0 0 1 0.065710518571208575977
1 0 0 1.8949524069915042457 0 1 0 2.0961005876454157359 0 0 1 0.057164953101641102773
1 0 0 1.9766802368555429492 0 1 0 2.1158046508896046767 0 0 1 0.052486767557962638042
1 0 0 2.1064995517374764944 0 1 0 2.1626857329249458139 0 0 1 0.027446242625526202918
1 0 0 2.2123910209886079592 0 1 0 2.1955403140915850102 0 0 1 0.00014436894145542582247
1 0 0 2.3060164894527472867 0 1 0 2.2389063696902082867 0 0 1 -0.021541577126672779158
1 0 0 2.3939925262205972167 0 1 0 2.2883235849404055529 0 0 1 -0.042009296719736771708
1 0 0 2.4903477116792442914 0 1 0 2.3351372707179853805 0 0 1 -0.06193270021672468012
1 0 0 2.6111850539320538012 0 1 0 2.3944809994180693558 0 0 1 -0.082676697454648326313
1 0 0 2.7400597860697892827 0 1 0 2.4636498594895495096 0 0 1 -0.10865144095480301634
1 0 0 2.8211475146137590109 0 1 0 2.503600828908008058 0 0 1 -0.11919749006626161048
1 0 0 2.9006681303352030987 0 1 0 2.5440992108186399889 0 0 1 -0.12979677171032891203
1 0 0 2.9814602111348538216 0 1 0 2.5807882782388538168 0 0 1 -0.13993405414984375068
1 0 0 3.0695264834683393396 0 1 0 2.6198486429571179457 0 0 1 -0.15460248512921670461
1 0 0 3.156409691716087984 0 1 0 2.6566434762111197365 0 0 1 -0.17110201097968411044
1 0 0 3.2443050114838802855 0 1 0 2.6939390613168510136 0 0 1 -0.18711679130819894312
1 0 0 3.3314666676874891138 0 1 0 2.7300520330556423687 0 0 1 -0.20013864189630070634
1 0 0 3.4217795335360361442 0 1 0 2.7661634162903721013 0 0 1 -0.21463731044065623155
1 0 0 3.5984090724509818493 0 1 0 2.8357603254047738517 0 0 1 -0.2451650957397876196
1 0 0 3.6891467857799176144 0 1 0 2.8701652574326335099 0 0 1 -0.26091485098015759769
1 0 0 3.7919925689040194783 0 1 0 2.911120489543123746 0 0 1 -0.27463105839210466552
1 0 0 3.8688061775211588511 0 1 0 2.9408415362752466926 0 0 1 -0.28292445806116717222
1 0 0 3.9509547375146807369 0 1 0 2.9766794754379302113 0 0 1 -0.29764181278086943028
1 0 0 4.0406261673565984083 0 1 0 3.0102689500874952877 0 0 1 -0.31602258923537612789
1 0 0 4.1336503523502052815 0 1 0 3.045875028759311931 0 0 1 -0.3327150105975544836
1 0 0 4.2219858064883837301 0 1 0 3.0787170394759133529 0 0 1 -0.34856639780455295208
1 0 0 4.3124929649513603636 0 1 0 3.115506281712291603 0 0 1 -0.36467604330064978813
1 0 0 4.4281114473367884088 0 1 0 3.1592561365061126999 0 0 1 -0.37913925132702613885
1 0 0 4.5126529013472396201 0 1 0 3.1922986463235298871 0 0 1 -0.38216331976552020411
1 0 0 4.6076370456382544916 0 1 0 3.2482538777751170933 0 0 1 -0.39666199852505146239
1 0 0 4.6281491661410294469 0 1 0 3.2696083664524424606 0 0 1 -0.38273711632393786486
1 0 0 4.66861079287176306 0 1 0 3.2820952647960353055 0 0 1 -0.38294163420265164843
1 0 0 4.7173854786176043774 0 1 0 3.2957555944690284377 0 0 1 -0.38442999858878912356
1 0 0 4.697181205688914396 0 1 0 3.3838693019605305956 0 0 1 -0.37661253482990292296
1 0 0 4.6648394745990557908 0 1 0 3.426863254896501676 0 0 1 -0.37317162681284588022
1 0 0 4.9661574699981807512 0 1 0 3.4564948032728541882 0 0 1 -0.42800788298788183805
1 0 0 5.1232072346086274806 0 1 0 3.493147336432415262 0 0 1 -0.47079046216163761285
1 0 0 5.2088666159618801643 0 1 0 3.5293599608244003996 0 0 1 -0.48993582863712270559
1 0 0 5.2863969234436263278 0 1 0 3.5583127371558220808 0 0 1 -0.50608166840274837472
1 0 0 5.3680115473754907995 0 1 0 3.5927368723715429333 0 0 1 -0.52088194340485927114
1 0 0 5.4434300713139842642 0 1 0 3.6241668976397649615 0 0 1 -0.53938388168501183451
1 0 0 5.5371412470198597688 0 1 0 3.6563101599320591006 0 0 1 -0.5609717546164655344
1 0 0 5.6192976520091164616 0 1 0 3.6895255225272722832 0 0 1 -0.57689774185683384555
1 0 0 5.7161099563698805071 0 1 0 3.7193073407730099511 0 0 1 -0.59246069547280477696
1 0 0 5.7743885530445959731 0 1 0 3.7501034214515884813 0 0 1 -0.58382353494304339847
1 0 0 5.9070355857785514786 0 1 0 3.6797428858048877309 0 0 1 -0.5952673968094499557
1 0 0 5.9331669056443629984 0 1 0 3.7257098702697364345 0 0 1 -0.59107931875743302541
1 0 0 5.9676703333171570165 0 1 0 3.7505031986053136706 0 0 1 -0.59349938641474797585
1 0 0 6.0219536216450215704 0 1 0 3.7646608843988125237 0 0 1 -0.60212816481225628351
1 0 0 6.1464503375220935766 0 1 0 3.7907596488555199699 0 0 1 -0.63345856688352641939
1 0 0 6.2277700612729720575 0 1 0 3.8131505339889240069 0 0 1 -0.6496361586953958156
1 0 0 6.300183655030298091 0 1 0 3.8261716193473325198 0 0 1 -0.66026831974637689715
1 0 0 6.3255842616446829041 0 1 0 3.8675466354959251447 0 0 1 -0.65354176632418370385
1 0 0 6.3465805452571748546 0 1 0 3.8777823663103387908 0 0 1 -0.65333698707977683195
1 0 0 6.3745491018925370952 0 1 0 3.848290237150142179 0 0 1 -0.65948305876974289141
1 0 0 6.4001327890999339942 0 1 0 3.8603653638775119461 0 0 1 -0.6628299887198718654
1 0 0 6.4569022738294501451 0 1 0 3.8817154622233096539 0 0 1 -0.67587248764153462499
1 0 0 6.5237147934719557085 0 1 0 3.9024013528896883685 0 0 1 -0.68986864804478198465
1 0 0 6.5553185712211350378 0 1 0 3.9038628353762043766 0 0 1 -0.69483430974456628082
1 0 0 6.6161533256964650818 0 1 0 3.9200298954487511338 0 0 1 -0.70151347346373960079
1 0 0 6.6872529441180770249 0 1 0 3.9589648178333263218 0 0 1 -0.7177991208427981773
1 0 0 6.7455386304661768548 0 1 0 3.9727964191492834978 0 0 1 -0.72505042472212632987
1 0 0 6.7782678359391486111 0 1 0 3.9813465625567037165 0 0 1 -0.72835752567604006291
1 0 0 6.8172581724863148267 0 1 0 4.018026633029038841 0 0 1 -0.73544762907495320192
1 0 0 6.9407125066698762694 0 1 0 4.0444018007559980887 0 0 1 -0.7711111322837226334
1 0 0 7.0383142614461808861 0 1 0 4.0876986492700968512 0 0 1 -0.78952602627780621436
1 0 0 7.1166947616252276276 0 1 0 4.1286678379830554775 0 0 1 -0.79774315584908894738
1 0 0 7.1425719722332718931 0 1 0 4.1486881691261343619 0 0 1 -0.79154797166679824461
1 0 0 7.1706120351520796774 0 1 0 4.1627957779084390211 0 0 1 -0.79295237628538628449
1 0 0 7.2393461140946744337 0 1 0 4.1790239639258919269 0 0 1 -0.8049226292222252388
1 0 0 7.2938265872161727188 0 1 0 4.191441105389200672 0 0 1 -0.81547848975133119254
1 0 0 7.3105233264316584751 0 1 0 4.2059226568355869702 0 0 1 -0.81672313982172106694
1 0 0 7.3453745438437163529 0 1 0 4.2451192468393577073 0 0 1 -0.82398666367953832257
1 0 0 7.4057559868015125915 0 1 0 4.2534790964841553418 0 0 1 -0.83366184843843793573
1 0 0 7.4420077404884201755 0 1 0 4.266285681116700701 0 0 1 -0.84002616122378626073
1 0 0 7.4843964176111734687 0 1 0 4.2795898007326655943 0 0 1 -0.84791438217016612544
1 0 0 7.5274646712170296681 0 1 0 4.2949028686293733159 0 0 1 -0.85541989802019957612
1 0 0 7.5795684105567557864 0 1 0 4.3203040793931828389 0 0 1 -0.86401388179745697293
1 0 0 7.6149846985866105342 0 1 0 4.3355460627895423542 0 0 1 -0.87093858169261384461
1 0 0 7.6467230223910682696 0 1 0 4.349816334287403663 0 0 1 -0.87619821499303229828
1 0 0 7.6881443796810495783 0 1 0 4.3657893148012574258 0 0 1 -0.88385433782220390597
1 0 0 7.724545412545637646 0 1 0 4.3804228887034337703 0 0 1 -0.89038314775030924508
1 0 0 7.7634624812952885975 0 1 0 4.3996314774401641401 0 0 1 -0.89552637130692835932
1 0 0 7.7893688502745739299 0 1 0 4.4103683072407422472 0 0 1 -0.89920522477206232814
1 0 0 7.810015098100802966 0 1 0 4.4188968937450772145 0 0 1 -0.90181798339845864465
1 0 0 7.8288836112863284811 0 1 0 4.4232616316397326273 0 0 1 -0.90479724840399422536
1 0 0 7.8548265395227749863 0 1 0 4.4361116162777385341 0 0 1 -0.9095931174443550038
1 0 0 7.875515542234238886 0 1 0 4.4417987448471505374 0 0 1 -0.91360908811964214316
1 0 0 7.9025767053484354818 0 1 0 4.4533352313908833864 0 0 1 -0.92034090228668630207
1 0 0 7.9346679550556746818 0 1 0 4.4625806891450690017 0 0 1 -0.92514243740166413055
1 0 0 7.9574785127618667957 0 1 0 4.4679171551622296477 0 0 1 -0.92947740156466729378
1 0 0 7.9760165007406884641 0 1 0 4.4709137096633204678 0 0 1 -0.93277951482134413563
1 0 0 7.9915855799903088297 0 1 0 4.4695073768934081571 0 0 1 -0.93659596365295216813
1 0 0 8.0154784810620007818 0 1 0 4.4797789268419903053 0 0 1 -0.93723736500328902466
1 0 0 8.0274717203489593942 0 1 0 4.4768272768445305232 0 0 1 -0.93843125281921380143
1 0 0 8.0433828978945243193 0 1 0 4.4795400362277897344 0 0 1 -0.94039719150380585155
1 0 0 8.0575931141808290192 0 1 0 4.4829159902958641837 0 0 1 -0.94269486017231707287
1 0 0 8.0946055886112890931 0 1 0 4.5119892097689264787 0 0 1 -0.95452045486100978167
1 0 0 8.1333238394017772777 0 1 0 4.5004444391922566737 0 0 1 -0.95544494071203700525
1 0 0 8.161991300417152928 0 1 0 4.4902749185758121797 0 0 1 -0.95645340138599888036
1 0 0 8.2036316362777466082 0 1 0 4.475505165292609 0 0 1 -0.95809097632425466173
1 0 0 8.2394985924365986563 0 1 0 4.476042506211364902 0 0 1 -0.96690728342396103923
1 0 0 8.2602692990734691847 0 1 0 4.4636201423205728034 0 0 1 -0.96999651987091062288
1 0 0 8.2992157427213069099 0 1 0 4.4568440887073395018 0 0 1 -0.97219673170286191599
1 0 0 8.3284222802094216576 0 1 0 4.4404951017025755533 0 0 1 -0.97196874532080934639
1 0 0 8.3737308574769411251 0 1 0 4.4330992208946282673 0 0 1 -0.97405508034433752051
1 0 0 8.3862804853683847739 0 1 0 4.4141370768676821967 0 0 1 -0.97521393088091479218
1 0 0 8.4399537744261099448 0 1 0 4.3860735584333143677 0 0 1 -0.97679552479851228242
1 0 0 8.4832923155612416366 0 1 0 4.3674548396763830382 0 0 1 -0.98035757460380523742
1 0 0 8.4977729927717540193 0 1 0 4.3531834950717902544 0 0 1 -0.98626026585018966575
1 0 0 8.5298437288322404015 0 1 0 4.3408142920162839928 0 0 1 -0.98567257566985644335
1 0 0 8.5790329662298177027 0 1 0 4.3205007783722280124 0 0 1 -0.99480037035470592066
1 0 0 8.6135599506868665287 0 1 0 4.2886616760303537532 0 0 1 -0.99390335991857359232
1 0 0 8.647238160105679583 0 1 0 4.2501219645942160952 0 0 1 -0.99476830842016561451
1 0 0 8.6954598767024240402 0 1 0 4.2029791933983844388 0 0 1 -0.99885660159205957864
1 0 0 8.7214881520474953902 0 1 0 4.168854969275061606 0 0 1 -1.0037459373328709855
1 0 0 8.7505505996722892093 0 1 0 4.1448522602473323317 0 0 1 -1.0072151615329465457
1 0 0 8.7768332127267036924 0 1 0 4.1089027916036720001 0 0 1 -1.0132078840444989076
1 0 0 8.8427945493707937885 0 1 0 4.0929106905427428131 0 0 1 -1.0192349494807118049
1 0 0 8.8283677347974549576 0 1 0 4.0095719052667115889 0 0 1 -1.0250223035219387935
1 0 0 8.8572081551799559662 0 1 0 3.9891629278869027431 0 0 1 -1.0222977418978982378
1 0 0 8.8652254266233718738 0 1 0 3.9667976994094846788 0 0 1 -1.0226065606729921598
1 0 0 8.877937691906506501 0 1 0 3.931885380644657868 0 0 1 -1.0258362139727519313
1 0 0 8.8889729053688775195 0 1 0 3.906660008622143021 0 0 1 -1.0271086811329794841
1 0 0 8.9022058559602754713 0 1 0 3.8819838210364312481 0 0 1 -1.0301036332478450408
1 0 0 8.9090879497251354024 0 1 0 3.8552059430037153298 0 0 1 -1.0298968899682152678
1 0 0 8.9355269673258010954 0 1 0 3.7934999175282468897 0 0 1 -1.0362881613055774377
1 0 0 8.9746050319708068344 0 1 0 3.703927788218805528 0 0 1 -1.0449916853437519748
1 0 0 9.0377063114863140925 0 1 0 3.5884907388290234742 0 0 1 -1.0593830785358140378
1 0 0 9.0813125124270719368 0 1 0 3.5331874752286900332 0 0 1 -1.0680026129351531949
1 0 0 9.1060288238807469696 0 1 0 3.4468347963667280709 0 0 1 -1.0794207337900021404
1 0 0 9.1315549914350331306 0 1 0 3.363532719060504661 0 0 1 -1.0901438323378411788
1 0 0 9.1552499547175116845 0 1 0 3.2887907269161420487 0 0 1 -1.099619412960504361
1 0 0 9.1896572148570925265 0 1 0 3.195625734298810805 0 0 1 -1.1180152746598521762
1 0 0 9.2162921303715830135 0 1 0 3.1063760432383307197 0 0 1 -1.1322962341812103926
1 0 0 9.2396748788954230491 0 1 0 3.0303426339283672242 0 0 1 -1.1446427402118426464
1 0 0 9.2600725500923619649 0 1 0 2.9730337217690117058 0 0 1 -1.1498096951358049989
1 0 0 9.2651620219523458388 0 1 0 2.9423388874010738547 0 0 1 -1.1454739431235885228
1 0 0 9.268747003285005448 0 1 0 2.9289884778917891772 0 0 1 -1.1397792258753918215
1 0 0 9.2823826718319466522 0 1 0 2.8960079465442047919 0 0 1 -1.144678697197081263
1 0 0 9.2953002840282703545 0 1 0 2.744022605064321052 0 0 1 -1.1713901390676244585
1 0 0 9.335983838154547243 0 1 0 2.6462674212822281383 0 0 1 -1.1841399187339245458
1 0 0 9.3488347974637502347 0 1 0 2.6103609602228403652 0 0 1 -1.1863499455372326086
1 0 0 9.3321030068353394427 0 1 0 2.5758765190371963882 0 0 1 -1.1824871769575067137
1 0 0 9.3575346747496439548 0 1 0 2.6108760819765368666 0 0 1 -1.1651243934838888539
1 0 0 9.359329991124546666 0 1 0 2.6098288486547889242 0 0 1 -1.1637282479722195205
1 0 0 9.359634371433463329 0 1 0 2.6093844514602766438 0 0 1 -1.1638911272497576288
1 0 0 9.3552050257152163937 0 1 0 2.6148232275313905149 0 0 1 -1.1659241015308912104
1 0 0 9.3555916413204478488 0 1 0 2.6159517577599928906 0 0 1 -1.1669626969627926449
1 0 0 9.3607226983308446933 0 1 0 2.6071341513395296374 0 0 1 -1.1686439362424336785
1 0 0 9.3570770570815167133 0 1 0 2.614712917055072694 0 0 1 -1.1704759883313393676
1 0 0 9.3545474510615189701 0 1 0 2.6205980046777366255 0 0 1 -1.1719366587362824994
1 0 0 9.3546916506163970695 0 1 0 2.6207246345906751728 0 0 1 -1.1730472542502337063
1 0 0 9.3587262424643515857 0 1 0 2.6120288564257667652 0 0 1 -1.1744290357932218871
1 0 0 9.3584510477419335928 0 1 0 2.6131436162667540657 0 0 1 -1.1751902352521317319
1 0 0 9.358107874139301785 0 1 0 2.6142100060749000612 0 0 1 -1.1758678449538073618
1 0 0 9.3574160464651736646 0 1 0 2.6160137499417208673 0 0 1 -1.1764897378638241587
1 0 0 9.3540072410627939092 0 1 0 2.6228069944603409347 0 0 1 -1.1771040831688044381
1 0 0 9.3524894107502021257 0 1 0 2.6256917257558383128 0 0 1 -1.1775732781523959858
1 0 0 9.3520914739663147941 0 1 0 2.6265318669536559248 0 0 1 -1.1778828892672648099
1 0 0 9.3344846151745439755 0 1 0 2.6552699824014522889 0 0 1 -1.1787273284603327905
1 0 0 9.3429031853932809071 0 1 0 2.6425939712403754278 0 0 1 -1.1786084489806611941
1 0 0 9.347169761626073381 0 1 0 2.6364742003010044336 0 0 1 -1.1786348243763757893
1 0 0 9.3537174603337334133 0 1 0 2.6278547671827561238 0 0 1 -1.178654151538942374
1 0 0 9.3547915515281090393 0 1 0 2.6269169067591202626 0 0 1 -1.1786837505620346711
1 0 0 9.3568340439865345104 0 1 0 2.6251008338956678401 0 0 1 -1.1786991117056071499
1 0 0 9.3570352716551319361 0 1 0 2.6253891715118147232 0 0 1 -1.178703883575294542
1 0 0 9.3565676860457021036 0 1 0 2.6264883885873202551 0 0 1 -1.1787079967290794436
1 0 0 9.3565148329797924731 0 1 0 2.6270590358097321015 0 0 1 -1.1786864448221165969
1 0 0 9.3540816370672601465 0 1 0 2.6303407370669589227 0 0 1 -1.1787058227228972562
1 0 0 9.3543583211937448851 0 1 0 2.6305973060451885992 0 0 1 -1.1786303534656203951
1 0 0 9.3423846342477361304 0 1 0 2.6437275374929392058 0 0 1 -1.1789191837576944444
1 0 0 9.3414418727773380624 0 1 0 2.6453778799741889394 0 0 1 -1.1787935174314099207
1 0 0 9.3438952586874250983 0 1 0 2.6436385754871465359 0 0 1 -1.1785158021704527087
1 0 0 9.3661454691161161179 0 1 0 2.6064159239537652013 0 0 1 -1.1812968153313032627
1 0 0 9.3714085599550038808 0 1 0 2.5410521524778832969 0 0 1 -1.1922979828112287848
1 0 0 9.4048947266715021698 0 1 0 2.4604953138792851064 0 0 1 -1.2083591037361101073
1 0 0 9.4547794837027065995 0 1 0 2.3661653909411222152 0 0 1 -1.2294332102448095601
1 0 0 9.5121734910164033039 0 1 0 2.2689327761714324083 0 0 1 -1.2499114695745778825
1 0 0 9.5610302805290707795 0 1 0 2.184063849619799047 0 0 1 -1.2691714487634906394
1 0 0 9.6540931143133281722 0 1 0 2.0074361425231566081 0 0 1 -1.2919318905568202283
1 0 0 9.7088051505679793252 0 1 0 1.9149932045799300528 0 0 1 -1.3204749941665783197
1 0 0 9.7611753291363587692 0 1 0 1.8300669382418233155 0 0 1 -1.341781919969408543
1 0 0 9.8453428748665778869 0 1 0 1.6379482864972569889 0 0 1 -1.3750950049505228368
1 0 0 9.9258172031560203408 0 1 0 1.4968404759307838425 0 0 1 -1.3858195332031364444
1 0 0 9.9771441088328529645 0 1 0 1.4002404978180393869 0 0 1 -1.3936655885482156503
1 0 0 10.02211764203250155 0 1 0 1.2902325506061029792 0 0 1 -1.4059858018300428473
1 0 0 10.060778192976197687 0 1 0 1.1412427292334250684 0 0 1 -1.4287685951049731159
1 0 0 10.083896315700460633 0 1 0 0.99686817488198220527 0 0 1 -1.442248921626992475
1 0 0 10.125611094364519005 0 1 0 1.0185326388168547407 0 0 1 -1.4106521507089739842
1 0 0 10.152815725754843257 0 1 0 1.0016661405859801359 0 0 1 -1.4070717837134849582
1 0 0 10.171720829650494622 0 1 0 0.97739602200036768131 0 0 1 -1.4077752036680517556
1 0 0 10.188195934382184404 0 1 0 0.91033040567276568567 0 0 1 -1.4217722663499019475
1 0 0 10.212082092169573855 0 1 0 0.82692853846295377718 0 0 1 -1.438717459867098869
1 0 0 10.246807269546643226 0 1 0 0.73150804026023064086 0 0 1 -1.4556564321555640618
1 0 0 10.280000920838082479 0 1 0 0.63860884851501609205 0 0 1 -1.4722911607437627612
1 0 0 10.301142748985995468 0 1 0 0.55743262829083439769 0 0 1 -1.4923828668078025217
1 0 0 10.330335145776682992 0 1 0 0.42407307737132815539 0 0 1 -1.5135526007339148435
1 0 0 10.368875831833753054 0 1 0 0.3115610276890403707 0 0 1 -1.528676128096945197
1 0 0 10.398082560815527842 0 1 0 0.22560697588978748107 0 0 1 -1.5392633435868237068
1 0 0 10.429124895908968185 0 1 0 0.13975997469825507391 0 0 1 -1.55287470765562019
1 0 0 10.457185906227186578 0 1 0 0.03686516241944209904 0 0 1 -1.5699337575678202761
1 0 0 10.493674813429635151 0 1 0 0.0077944788131220207536 0 0 1 -1.5595260725532653634
1 0 0 10.504935816037328067 0 1 0 -0.065839901229567246443 0 0 1 -1.5658455817022522982
1 0 0 10.520782817028779377 0 1 0 -0.17715908820874093355 0 0 1 -1.5872730635875005323
1 0 0 10.558178647212290713 0 1 0 -0.29061173947322949118 0 0 1 -1.606692339013587878
1 0 0 10.603087573512040009 0 1 0 -0.42023199339581723821 0 0 1 -1.6279248665425001263
1 0 0 10.612216185316093231 0 1 0 -0.53728600540963489252 0 0 1 -1.631529324867573516
1 0 0 10.644254383909361295 0 1 0 -0.51938761211706552245 0 0 1 -1.6082954944046472523
1 0 0 10.644380520323629469 0 1 0 -0.54182767012866728251 0 0 1 -1.6037494457960501659
1 0 0 10.64185452537854637 0 1 0 -0.56401248190703456853 0 0 1 -1.6036090342761313288
1 0 0 10.638156556762400129 0 1 0 -0.58017174657118675274 0 0 1 -1.6028802283744516544
1 0 0 10.623409552389595945 0 1 0 -0.5990279688165059957 0 0 1 -1.5955417524178068245
1 0 0 10.614043754448557522 0 1 0 -0.62655800004440032058 0 0 1 -1.5936594686219123229
1 0 0 10.577076471232842891 0 1 0 -0.68251554480481491094 0 0 1 -1.5896187568932951262
1 0 0 10.47031722738088888 0 1 0 -0.84769086795418724378 0 0 1 -1.576568197683189787
1 0 0 10.394403319560353793 0 1 0 -0.92574251780858241023 0 0 1 -1.5717044533522277483
1 0 0 10.301051582569323628 0 1 0 -1.042764297051347766 0 0 1 -1.5796773890233908322
1 0 0 10.214382111795950792 0 1 0 -1.1372264553251572039 0 0 1 -1.5882218073480198761
1 0 0 10.136281035181918142 0 1 0 -1.2194638812533884487 0 0 1 -1.6013273153933673676
1 0 0 10.076070171756130733 0 1 0 -1.2887375431933671965 0 0 1 -1.6105281365389580994
1 0 0 10.043269735408447474 0 1 0 -1.3309868050929323235 0 0 1 -1.6198542371143376251
1 0 0 10.016457280980953115 0 1 0 -1.3428222788556198886 0 0 1 -1.624468408306002809
1 0 0 10.008862040119071324 0 1 0 -1.3481977800672133583 0 0 1 -1.6318739537535678075
1 0 0 9.9846766608804973231 0 1 0 -1.3549796757615930609 0 0 1 -1.6331192386387758386
1 0 0 9.9911162599771206061 0 1 0 -1.3506634553810443755 0 0 1 -1.6308388293889084508
1 0 0 9.9885678147863021792 0 1 0 -1.3498293631945257331 0 0 1 -1.6322948244232453607
1 0 0 9.979548313049880548 0 1 0 -1.3554263246202056248 0 0 1 -1.6338921908334707034
1 0 0 9.9740647832841400344 0 1 0 -1.3563995957320951202 0 0 1 -1.6328561535564185547
1 0 0 9.9726562379477030618 0 1 0 -1.3572829131668027181 0 0 1 -1.6331485717921940815
1 0 0 9.9738728103358607058 0 1 0 -1.3578876618905542095 0 0 1 -1.6335942843557429427
1 0 0 9.9600434500660419701 0 1 0 -1.3665431762752786593 0 0 1 -1.6356187705579647851
1 0 0 9.9535248644033487153 0 1 0 -1.3819133382309101155 0 0 1 -1.6374425751768983961
1 0 0 9.9439086369734077664 0 1 0 -1.393143755960323027 0 0 1 -1.639702013081090648
1 0 0 9.9376556676358234199 0 1 0 -1.3975666167205156309 0 0 1 -1.6417052554551616605
1 0 0 9.9332342224608254355 0 1 0 -1.4010082498622522529 0 0 1 -1.6432188281610027314
1 0 0 9.9121250653332904079 0 1 0 -1.4299925754381492826 0 0 1 -1.6467485637589889258
1 0 0 9.891985505287300029 0 1 0 -1.4346557475251153768 0 0 1 -1.65069609085331237
1 0 0 9.8740476411398354628 0 1 0 -1.4472575661732647312 0 0 1 -1.6541627031470977904
1 0 0 9.8480570966027638491 0 1 0 -1.4704980433199912326 0 0 1 -1.6594866484371304516
1 0 0 9.7408619163155112375 0 1 0 -1.5015805110110360676 0 0 1 -1.6724425426134259531
1 0 0 9.6672674267946501203 0 1 0 -1.5511879793506304637 0 0 1 -1.6818049504048260268
1 0 0 9.5946854900407334554 0 1 0 -1.6016592189535057145 0 0 1 -1.6931825742800430401
1 0 0 9.5274675164628188639 0 1 0 -1.6546477544072484278 0 0 1 -1.7034339676960383869
1 0 0 9.4544669699868322255 0 1 0 -1.6916331237661530462 0 0 1 -1.7202128196340387145
1 0 0 9.4101721060941727615 0 1 0 -1.7186427857900459237 0 0 1 -1.7283821323286192584
1 0 0 9.3565025449006355984 0 1 0 -1.755335202821006968 0 0 1 -1.7408445782025128157
1 0 0 9.2909856072693184359 0 1 0 -1.7829807364616356846 0 0 1 -1.747994281169471309
1 0 0 9.2188579030338857478 0 1 0 -1.8135802514743069036 0 0 1 -1.7567071606649113935
1 0 0 9.1115806030094255163 0 1 0 -1.8425431918204795423 0 0 1 -1.7697444351507101157
1 0 0 9.0324470619914976055 0 1 0 -1.8822324288225840139 0 0 1 -1.7804096129466715492
1 0 0 8.9765349728993051315 0 1 0 -1.9054973055483050981 0 0 1 -1.787344590800338695
1 0 0 8.8919519678545029251 0 1 0 -1.9401068936989969149 0 0 1 -1.8015347656354345762
1 0 0 8.8005407378477791269 0 1 0 -1.9752099754602407966 0 0 1 -1.8122314342166128132
1 0 0 8.6501878402091509912 0 1 0 -2.0350239387276718439 0 0 1 -1.8562735950007822616
1 0 0 8.4084703080565130762 0 1 0 -2.1313828218651775792 0 0 1 -1.9300818430330259901
1 0 0 8.278527970252714141 0 1 0 -2.1750217417672446096 0 0 1 -1.9433828273489948124
1 0 0 8.2349585944254357628 0 1 0 -2.2357122181898025914 0 0 1 -1.957877119011217415
1 0 0 8.1766733190216029925 0 1 0 -2.2733467932041553361 0 0 1 -1.9609674653893516272
1 0 0 8.0770192619790304178 0 1 0 -2.2803379079408658825 0 0 1 -1.9721753968326467543
1 0 0 8.0685465395636164487 0 1 0 -2.3063085735213006977 0 0 1 -1.9631757334880051147
1 0 0 7.9973378589790513615 0 1 0 -2.3534476181378201076 0 0 1 -1.9765459124945183866
1 0 0 7.9050645731773574454 0 1 0 -2.3897248010595375511 0 0 1 -1.9982550417369655538
1 0 0 7.7981440727690634063 0 1 0 -2.4424174824906512704 0 0 1 -2.0208021677046339448
1 0 0 7.6926975832797790389 0 1 0 -2.4867042080770849211 0 0 1 -2.0369706143907362339
1 0 0 7.6182468633000004488 0 1 0 -2.5160429232058603155 0 0 1 -2.0461107778688951697
1 0 0 7.5508036997873659857 0 1 0 -2.5398303246710796088 0 0 1 -2.0517161503665506395
1 0 0 7.5079948173744188722 0 1 0 -2.5559683782758817472 0 0 1 -2.0501053861064097994
1 0 0 7.3235252775037444906 0 1 0 -2.6566002968183899391 0 0 1 -2.0504761555571322518
1 0 0 7.1540000940652967998 0 1 0 -2.6608323997837493025 0 0 1 -2.0955636564153774515
1 0 0 7.0496093797516703461 0 1 0 -2.6861256930677854804 0 0 1 -2.1206039210298879283
1 0 0 6.9531290576322968278 0 1 0 -2.7170782316635215814 0 0 1 -2.1380471362152051462
1 0 0 6.890082535153064569 0 1 0 -2.7434759219012132547 0 0 1 -2.1430920293473745275
1 0 0 6.7460131277235833025 0 1 0 -2.7998225921550070616 0 0 1 -2.170016526522296374
1 0 0 6.6282268692505423857 0 1 0 -2.8369763683739446236 0 0 1 -2.1949922320993735525
1 0 0 6.4066738102546159084 0 1 0 -2.9502255911243531195 0 0 1 -2.2243077494439007502
1 0 0 6.2693568668028616386 0 1 0 -2.9712154894924163173 0 0 1 -2.2411299605329557671
1 0 0 6.0636479751666421123 0 1 0 -3.0557553819086979985 0 0 1 -2.2748973684308642085
1 0 0 5.8479626081875268895 0 1 0 -3.1780078541235661227 0 0 1 -2.3060589591511999608
1 0 0 5.7018983214432807927 0 1 0 -3.2396549339324951511 0 0 1 -2.335592008252902918
1 0 0 5.6079902676437667353 0 1 0 -3.281686617673106543 0 0 1 -2.3508037153534186992
1 0 0 5.5055357405531646364 0 1 0 -3.3286762266884672989 0 0 1 -2.367465486237061878
1 0 0 5.4539623203428115872 0 1 0 -3.3743355987502376969 0 0 1 -2.3584634233968575501
1 0 0 5.3489747163239655947 0 1 0 -3.407445127851457034 0 0 1 -2.3720725642014977019
1 0 0 5.2847822315840842222 0 1 0 -3.4332507591531959967 0 0 1 -2.381283945445521244
1 0 0 5.2079087605437566211 0 1 0 -3.4674552362982007381 0 0 1 -2.3981165851592818328
1 0 0 5.0654437054637071469 0 1 0 -3.5294464033002612702 0 0 1 -2.4278373557316585973
1 0 0 4.9761489775296796623 0 1 0 -3.5666886039670715469 0 0 1 -2.4306678024692942586
1 0 0 4.8603702248627991267 0 1 0 -3.6107720251394823663 0 0 1 -2.445580909117073265
1 0 0 4.698577901979882121 0 1 0 -3.6770365298349840799 0 0 1 -2.4678994646214396091
1 0 0 4.5712201828098137923 0 1 0 -3.7247283282856162856 0 0 1 -2.4841954866201403362
1 0 0 4.4155809727756709648 0 1 0 -3.7852906884382147013 0 0 1 -2.4988331538425967437
1 0 0 4.2660603849785925235 0 1 0 -3.8476876779668622852 0 0 1 -2.5198895661767277687
1 0 0 4.1792807029579917 0 1 0 -3.855488542192144763 0 0 1 -2.5039566609909540418
1 0 0 4.0149607287847599579 0 1 0 -3.8739197758699104313 0 0 1 -2.534798637053869097
1 0 0 3.8887140208612378522 0 1 0 -3.9178128258445457099 0 0 1 -2.5571475599248350008
1 0 0 3.5825798022266157616 0 1 0 -4.0564782564973693724 0 0 1 -2.630765883941867056
1 0 0 3.4891435448980177014 0 1 0 -4.1015530577409178292 0 0 1 -2.6417727742774834709
1 0 0 3.299804679161328469 0 1 0 -4.1161787031605827636 0 0 1 -2.729848063745908604
1 0 0 3.3095551608239706098 0 1 0 -4.2068490484965961329 0 0 1 -2.6441846944704696654
1 0 0 3.1982669353143919899 0 1 0 -4.2653632788873832027 0 0 1 -2.6560650062584816311
1 0 0 2.9016297681838483236 0 1 0 -4.4376937996385192875 0 0 1 -2.7435745026544418046
1 0 0 2.6039023417578204267 0 1 0 -4.5670803495499043834 0 0 1 -2.8033611141304564107
1 0 0 2.4096378977392900467 0 1 0 -4.6804850873152483715 0 0 1 -2.8324518600734673868
1 0 0 2.2018629090035131135 0 1 0 -4.763412363008386663 0 0 1 -2.8690834395072561946
1 0 0 1.8972333000361183419 0 1 0 -4.89075298140735093 0 0 1 -2.8785612065663852555
1 0 0 1.5366514226971537127 0 1 0 -5.0240956048255487332 0 0 1 -2.9298975188957703253
1 0 0 1.1619976101316293882 0 1 0 -5.1878564979970445137 0 0 1 -2.9715412503367750752
1 0 0 0.074027880890451397411 0 1 0 -5.054780406278785776 0 0 1 -3.8997136673222607683
1 0 0 -0.89550089967265067425 0 1 0 -3.224049215622760034 0 0 1 -4.3722097068383920515
1 0 0 -1.914386155244768295 0 1 0 1.4797519576090754079 0 0 1 -2.155511736340813389
1 0 0 -3.4169094373617645566 0 1 0 -9.167922486279802996 0 0 1 -5.8716230615997258013
1 0 0 -4.3550733071289320364 0 1 0 -9.5703480830836120674 0 0 1 -6.3017604395461344069
1 0 0 -4.9002327134676217923 0 1 0 -12.97505090400312433 0 0 1 -7.0535317593258000102
1 0 0 -6.1036606122551750886 0 1 0 -10.392156424398933723 0 0 1 -5.0637679867994060956
1 0 0 -8.0048675010807777142 0 1 0 -11.473630414163652702 0 0 1 -3.9203428235748112307
1 0 0 -10.228221665465197177 0 1 0 -18.030960233288059413 0 0 1 -4.7059575822385131261
1 0 0 -11.202214913670820451 0 1 0 -5.7685864915565865374 0 0 1 -0.96648505636925918783
