1648154255.014962 -0.19487539364741902 -2.3220299332870238 -0.039182558655738831 -0.05744317616794492 0.99834877748797712 0 0
1648154255.516185 -0.19486813203775516 -2.3220293190634118 -0.039182573556900024 -0.057504989695291379 0.99834521892987715 0 0
1648154255.9816968 -0.19486931020005585 -2.3220299114008571 -0.039182506501674652 -0.057496620226424829 0.99834570097864317 0 0
1648154256.448602 -0.19487498854583998 -2.3220305604741331 -0.039182446897029877 -0.057449563910398994 0.99834840992837015 0 0
1648154257.4817259 -0.19487274654017078 -2.3220272021019421 -0.039182372391223907 -0.057468340405967488 0.99834732926521297 0 0
1648154257.9819069 -0.19486986797473885 -2.3220264030238091 -0.039182290434837341 -0.057491699318023073 0.99834598437091238 0 0
1648154258.481693 -0.1948614235845573 -2.3220254300563994 -0.039182238280773163 -0.057562171191008621 0.99834192361523966 0 0
1648154258.982038 -0.1948613782795777 -2.3220254248145875 -0.039182186126708984 -0.057562550620933836 0.99834190173808313 0 0
1648154259.9819119 -0.19486555361122065 -2.3220247260013838 -0.039182074368000031 -0.057526833476985714 0.99834396048161234 0 0
1648154260.9818048 -0.19486178258253123 -2.3220262075346123 -0.039182066917419434 -0.057557667009628888 0.99834218330610902 0 0
1648154261.982127 -0.19486292293458976 -2.3220270616023431 -0.039181940257549286 -0.057547617370131712 0.99834276264969279 0 0
1648154262.4859989 -0.19485884075576487 -2.3220265927217789 -0.039181865751743317 -0.057581556101005037 0.99834080573568995 0 0
1648154263.9822299 -0.19485245380648444 -2.3220239354461114 -0.039181798696517944 -0.057635796125069728 0.99833767584171107 0 0
1648154264.482203 -0.19485283031510603 -2.3220244662575826 -0.039181791245937347 -0.057631894026022264 0.99833790110912524 0 0
1648154264.981982 -0.19486032219341093 -2.3220253336525505 -0.039181768894195557 -0.057569149009079883 0.99834152126532849 0 0
1648154265.4823399 -0.19485745274984292 -2.3220242897410324 -0.039181724190711975 -0.057592931127042883 0.99834014959040673 0 0
1648154266.017741 -0.19485762578384241 -2.3220250250273855 -0.039181709289550781 -0.057591481957013302 0.99834023319006582 0 0
1648154266.4824638 -0.19485650781515973 -2.3220239522780943 -0.039181642234325409 -0.057600096227884298 0.99833973621935845 0 0
1648154266.9822929 -0.19485657460437053 -2.3220258708097425 -0.039181612432003021 -0.057599287266998769 0.99833978289274539 0 0
1648154267.4822528 -0.1948851311019332 -2.3220563272464338 -0.039157509803771973 -0.057620953021495586 0.99833853264956907 0 0
1648154268.9822619 -0.1948029793529972 -2.321966390115962 -0.039107576012611389 -0.057693724941827826 0.9983343298225984 0 0
1648154269.449192 -0.19480273837017761 -2.3219726716435818 -0.039104513823986053 -0.05768775600568779 0.99833467474941906 0 0
1648154269.9825549 -0.19480731345763708 -2.3219765916301669 -0.039103716611862183 -0.057645694886862643 0.9983371043194833 0 0
1648154270.98261 -0.19480644362099486 -2.321980108557121 -0.039103273302316666 -0.057649984707358673 0.99833685660865057 0 0
1648154272.0159099 -0.19480424029510132 -2.3219801330700971 -0.039103075861930847 -0.057665442714430935 0.99833596385012024 0 0
1648154272.451998 -0.19481770442908164 -2.3219710689544595 -0.039087839424610138 -0.057665746884242135 0.99833594628075095 0 0
1648154273.0160699 -0.19479851959005071 -2.3219562360100485 -0.039101533591747284 -0.057652202731360846 0.99833672852410971 0 0
1648154273.48263 -0.1947647003648158 -2.3218915631511474 -0.039137952029705048 -0.05765664182167303 0.99833647216449395 0 0
1648154273.9824059 -0.19474005538020922 -2.321831809656818 -0.039160855114459991 -0.05761569486366775 0.99833883611997021 0 0
1648154275.0162969 -0.19472805871804583 -2.3218070291989976 -0.039171770215034485 -0.05759735977525017 0.99833989409765667 0 0
1648154275.5163751 -0.19472051213092642 -2.3218105639988806 -0.039172284305095673 -0.057652076929228593 0.99833673578895532 0 0
1648154276.9830561 -0.19471812875806882 -2.3218195721937924 -0.039172835648059845 -0.057655814104377853 0.99833651996707085 0 0
1648154277.48295 -0.19471863188241381 -2.3218225191496931 -0.039172880351543427 -0.057649603572855639 0.99833687861757991 0 0
1648154277.9828761 -0.19472190808152379 -2.3218243516444272 -0.039172962307929993 -0.057620542618163711 0.99833855633667101 0 0
1648154278.4831409 -0.19472338745744677 -2.3218269364832262 -0.039173021912574768 -0.057606031135730491 0.99833939378188874 0 0
1648154278.983022 -0.19472202292409507 -2.3218291971689684 -0.03917306661605835 -0.057614963249887623 0.99833887834227619 0 0
1648154279.4495959 -0.1947245849765456 -2.3218307135103378 -0.039173148572444916 -0.057591509093526998 0.99834023162463514 0 0
1648154279.982996 -0.19471681070327482 -2.3218329470279127 -0.039173237979412079 -0.057654123465844566 0.99833661760319359 0 0
1648154280.483151 -0.19471238658285861 -2.3218341687542599 -0.039173305034637451 -0.057686433848598229 0.99833475114804626 0 0
1648154280.9832139 -0.19471243350138154 -2.3218375742535384 -0.039173439145088196 -0.057681548093052724 0.9983350334479848 0 0
1648154281.5167511 -0.19471752571872755 -2.3218401097659509 -0.039173483848571777 -0.057636154384621378 0.99833765515869033 0 0
1648154281.982971 -0.19471684172900069 -2.3218422073647171 -0.039173565804958344 -0.057639636500956805 0.99833745412262154 0 0
1648154282.484972 -0.19472219135488841 -2.3218450106329316 -0.039173632860183716 -0.057592087311868399 0.99834019826863729 0 0
1648154282.983355 -0.19472538667528064 -2.321848521259684 -0.039173662662506104 -0.057562331236715572 0.99834191438734787 0 0
1648154283.483371 -0.19472351898343052 -2.3218502504248497 -0.039173789322376251 -0.057575227655931628 0.99834117072289863 0 0
1648154283.983268 -0.19472306339795173 -2.3218526267232154 -0.039173845201730728 -0.057575798458858164 0.9983411378040199 0 0
1648154284.4833679 -0.19471967732890105 -2.3218541697168118 -0.039173901081085205 -0.057602160203817844 0.99833961713429653 0 0
1648154284.9874699 -0.19472024183038669 -2.3218568818287273 -0.039173915982246399 -0.057595685289205029 0.99833999070259971 0 0
1648154285.4834518 -0.19471830931921941 -2.3218586171876514 -0.039174012839794159 -0.057608126262779037 0.99833927288697388 0 0
1648154285.9834299 -0.19471627179155127 -2.3218593659611724 -0.039174005389213562 -0.057622944372308089 0.99833841771308485 0 0
1648154286.483511 -0.19471846759400946 -2.3218615759027705 -0.039174064993858337 -0.057601059973675796 0.998339680614724 0 0
1648154286.9836218 -0.19471632800947586 -2.3218632769110146 -0.039174146950244904 -0.057615984009054023 0.99833881943289604 0 0
1648154287.4837859 -0.19472112223149979 -2.3218648166460785 -0.039174199104309082 -0.05757358572963811 0.9983412654129008 0 0
1648154287.983753 -0.19496036333206224 -2.32195755664236 -0.039152421057224274 -0.057573935352811356 0.99834124525033541 0 0
1648154288.483737 -0.19480769523708558 -2.3217813796839568 -0.03917965292930603 -0.057555637843550611 0.99834230029205018 0 0
1648154289.5171371 -0.19478844061107684 -2.3217208191987111 -0.039148218929767609 -0.05750399146478144 0.99834527642775894 0 0
1648154290.483973 -0.19481603461317329 -2.3216775319987626 -0.039152652025222778 -0.057548194180695164 0.99834272940035029 0 0
1648154290.983783 -0.19477547055464597 -2.3216780699160982 -0.039138719439506531 -0.057526505460421248 0.99834397938261343 0 0
1648154291.4838328 -0.19490348391466161 -2.3218762327943097 -0.039137847721576691 -0.057471990637721751 0.99834711913849761 0 0
1648154291.98401 -0.19485176537467247 -2.3218727566808601 -0.03913743793964386 -0.057499292522056794 0.99834554707248679 0 0
1648154292.452966 -0.19489220959545089 -2.3218996243116079 -0.039143301546573639 -0.057470069630270161 0.99834722972355261 0 0
1648154294.483989 -0.19486260340131617 -2.3218120986265438 -0.039245188236236572 -0.057541058474749669 0.99834314070343833 0 0
1648154294.984143 -0.19485389748290433 -2.3217851735136872 -0.039229229092597961 -0.057522619035618949 0.99834420331831597 0 0
1648154295.48405 -0.19484131384279291 -2.3219739836041802 -0.039108626544475555 -0.057541148089923007 0.99834313553832466 0 0
1648154295.9842319 -0.19489234973035963 -2.3219763102426754 -0.039104320108890533 -0.057528049356918555 0.99834389041912197 0 0
1648154296.9841309 -0.19468650967081894 -2.3218089471440111 -0.039125166833400726 -0.057510289883175227 0.99834491362331945 0 0
1648154297.4841819 -0.19468119198778039 -2.3218035205918706 -0.039127685129642487 -0.057506154591956606 0.99834515183079142 0 0
1648154297.9843509 -0.19467855655140887 -2.3218000227740125 -0.039128221571445465 -0.057517743325070911 0.99834448423517186 0 0
1648154298.484381 -0.19467430682126216 -2.3217978830645087 -0.039128467440605164 -0.057551837149614135 0.99834251939938146 0 0
1648154298.9841731 -0.19467388791925141 -2.3217980523367476 -0.039128415286540985 -0.057556843023182487 0.99834223081126094 0 0
1648154299.484108 -0.19467425514897357 -2.3217966574134179 -0.039128407835960388 -0.057554266661313705 0.99834237934141512 0 0
1648154299.984118 -0.19467389562074999 -2.3217932779605008 -0.039128422737121582 -0.057557277712457201 0.99834220575027832 0 0
1648154300.5175331 -0.19468061934564701 -2.3217935682750461 -0.039128482341766357 -0.057501715511848746 0.99834540751845724 0 0
1648154300.9843159 -0.19468048665638235 -2.3217909406682025 -0.039128489792346954 -0.057502077997967152 0.99834538664027284 0 0
1648154301.4843709 -0.19468212472832741 -2.3217884901478736 -0.039128519594669342 -0.057489607238252631 0.99834610484520414 0 0
1648154301.9843719 -0.19468498170274537 -2.3217868784377256 -0.039128482341766357 -0.057468176292348024 0.99834733871214965 0 0
1648154302.4859478 -0.19468076656853817 -2.3217856520310383 -0.039128512144088745 -0.057505224785408517 0.99834520538858684 0 0
1648154302.9845309 -0.19467273125315906 -2.3217840040191584 -0.039128564298152924 -0.057572770000010445 0.99834131245507707 0 0
1648154303.4844849 -0.19467647903562751 -2.3217832179311104 -0.039128586649894714 -0.05754337904348937 0.99834300695114664 0 0
1648154303.984494 -0.1946772689675787 -2.3217794877004492 -0.039128601551055908 -0.057537262564127729 0.99834335947940589 0 0
1648154304.984668 -0.25139297944260153 -2.3286374924759836 -0.036972068250179291 -0.056657648409303818 0.99839366528275197 0 0
1648154305.484561 -0.45254117084127771 -2.3290251019701875 -0.037985272705554962 0.062354533762016884 0.99805406272371922 0 0
1648154306.4846439 -0.97445751202583442 -2.1813598105192358 -0.01768164336681366 0.43878362743212479 0.89859274885651408 0 0
1648154306.9847519 -1.1424049101205167 -1.926559702719258 0.031144350338386199 0.59197124710695703 0.80591167393651764 0 0.0087416480982737913
1648154307.4848619 -1.1450807855679168 -1.7306948829150384 0.034075636081827183 0.73160594989032346 0.68169452510755957 0 0.0067311606321952995
1648154307.984796 -1.0680818234393541 -1.5350289151357881 0.00094294102812487546 0.83459836126381859 0.55084142318756268 0 0.0043933900861352045
1648154308.484647 -1.0036679905035339 -1.4482326488979458 -0.024386475465106246 0.85323597182404998 0.52148760770973246 0 0.006249111188733638
1648154308.985043 -0.81823453879424402 -1.1926176331463316 -0.030828849662006635 0.92338783877621866 0.38385362951989355 0 0.0033601048478112436
1648154309.484828 -0.5649587212377809 -1.006360479876645 -0.028745286166667938 0.97164743526379804 0.23643447621969901 0 0
1648154310.018404 -0.15970633000854961 -0.85968612818904455 -0.014649853110313416 0.98843619175393083 0.15163737939896793 0 0
1648154310.485162 0.25485687352246661 -0.74389988288128572 -0.0093877613544464111 0.99571368939708471 0.092489181784931082 0 0
1648154310.9850919 0.66584418381556676 -0.68962134945019227 0.00098715722560882568 0.99926080355823876 0.038442768788719474 0 0
1648154311.4879529 1.1306668658790575 -0.64011059565608075 0.024064525961875916 0.99924107223892911 0.038952272729523202 0 0
1648154311.987282 1.591641487099233 -0.59058944801860724 0.037067145109176636 0.99903799098513246 0.043853079349007541 0 0
1648154312.4849 2.011971579870671 -0.55553747563523248 0.046699613332748413 0.99358229210990978 0.11311157679750561 0 0
1648154312.951756 2.3519101069303772 -0.45124179177085239 0.051559567451477051 0.98473649003512542 0.17405184627949585 0 0
1648154313.4853179 2.8256312069535583 -0.28999371545311481 0.075008004903793335 0.98440700993656227 0.17590576678368725 0 0
1648154313.9853179 3.2485711023464385 -0.14513832512404071 0.093818947672843933 0.99011589146922341 0.14025163621186304 0 0
1648154314.451921 3.6553255443034534 -0.019315681169159778 0.10610713064670563 0.99244527392790194 0.12268813413762468 0 0
1648154314.9851699 4.1128174369983981 0.10291093299751167 0.13477927446365356 0.99273311993187963 0.1203368297335291 0 0
1648154315.4879398 4.5384282347787641 0.21338747447903414 0.15168049931526184 0.99273732263185521 0.12030215398626785 0 0
1648154315.985291 4.7748374501803506 0.27219896780331815 0.15233156085014343 0.99308484162241251 0.11739888133959335 0 0
1648154316.4852369 5.0977829345190147 0.33629126152072325 0.15559539198875427 0.99313548335354929 0.11696970421486079 0 0
1648154316.985116 5.4592091337061914 0.42237474014057597 0.15659978985786438 0.99300759339368316 0.11805049539280062 0 0
1648154317.485424 5.8730473261130296 0.51438803491177432 0.15432628989219666 0.99280121851666503 0.1197737054274651 0 0
1648154318.4855471 6.3239645228590007 0.58284767075845267 0.14237779378890991 0.99764092343521849 0.06864829121926054 0 0
1648154319.9866619 6.8604204265406352 0.6761025600862417 0.12140503525733948 0.99377321917916828 0.11142167133135614 0 0
1648154320.9855149 7.3765850682378344 0.78534423969248235 0.10800741204983652 0.99341666647586668 0.11426680292791987 -0.0081501237173722974 0
1648154321.9856219 7.696147580952819 0.85368582492297862 0.099791216562084811 0.99321566571419673 0.11611763578164097 0.0062718450544675328 0
1648154322.952131 7.9755419344489802 0.91078493813888339 0.090005280799303408 0.99403436411122426 0.10748964725893251 -0.018484011960187809 0
1648154323.4856849 8.0775340509046156 0.93064277247037053 0.083261582816268651 0.99786864010956899 0.05976106474912634 -0.026206721006838209 0
1648154323.9855518 8.172877584522098 0.92823304675099205 0.077994394697163683 0.99960719580213597 -0.012341309006464473 -0.02516239640012911 0
1648154324.952461 8.3797157219522784 0.86572688526217068 0.078642280247662441 0.98665542920253635 -0.16124684154103586 -0.022594692257223728 0
1648154325.485944 8.5077796542365771 0.78594596310991749 0.078481651199212216 0.96169051610734069 -0.27348088653848579 -0.01896196000735342 0
1648154326.9859591 8.7908720533366491 0.39380945082914459 0.090685432897594037 0.85218990885859969 -0.52310262026311727 -0.011662243070377722 0
1648154327.4859269 8.8510861515441164 0.2414766882503129 0.089388377072917594 0.80849004586437367 -0.58838667372849773 -0.012040262328421602 0
1648154327.9857869 8.870582469688248 0.11681635159684214 0.093916926357435107 0.76946992593253605 -0.63863646924471662 -0.0077131858540768579 0
1648154328.9861679 8.997695044323919 -0.66516359571619033 0.10554023087024689 0.75983830648829997 -0.65011210417357435 0 0
1648154329.9858799 9.1021917424779968 -1.122571630802947 0.10487642478050378 0.7946684479687427 -0.60691401989566862 -0.012547121463890603 0
1648154330.953244 9.1047771504138293 -1.1411379899251395 0.10200110822916031 0.79606642784453374 -0.60520925510012136 0 0
1648154331.486299 9.1037910601730569 -1.1411469845168667 0.099622763693332672 0.7960842400950453 -0.60518582491024542 0 0
1648154331.9861588 9.1031750775608486 -1.1406414858960205 0.099781788885593414 0.79606454206097466 -0.60521173557132102 0 0
1648154332.486052 9.1030050490626255 -1.1403597383188053 0.099655158817768097 0.79605173222879611 -0.60522858459885487 0 0
1648154333.486382 9.1034858948342325 -1.1396220968994508 0.099401377141475677 0.79608404322244208 -0.60518608388379935 0 0
1648154333.98627 9.1039373169549016 -1.1393204581228804 0.09941912442445755 0.79613166648080202 -0.60512343338074503 0 0
1648154334.4530809 9.2157257704318027 -1.452602458379227 0.11573565751314163 0.79838331802651308 -0.60214954745227178 0 0
1648154336.486378 9.5257050911598107 -2.7944256653770561 0.13703986794126705 0.74107953751062139 -0.67136894210847908 -0.0080537354802058259 0
1648154336.9870849 9.5746723783569454 -3.1781076872235752 0.13885121946030904 0.73981420997073077 -0.67270973006641832 -0.011685623618370779 0
1648154337.986517 9.630477711050748 -3.9147437255996094 0.11262540519237518 0.73983199825259383 -0.67279165747025582 0 0
1648154338.9864249 9.6688100698935635 -4.3808579662717921 0.11173801124095917 -0.55333302322575917 0.83296012233950389 0 0
1648154339.453408 9.6192307814442319 -4.446457334791436 0.10622671991586685 -0.41306798453717458 0.9107001922424286 0 0
1648154341.4865999 8.8740352477670523 -4.9739093770887415 0.11911424291742626 -0.2516843051704506 0.96779741188716562 0.0048145690743192689 0
1648154341.9869039 8.8462255731208721 -4.9860615653493694 0.12082518772871603 -0.24179506842214024 0.97031920281880424 0.0039736038822080644 0
1648154342.487015 8.7732811515935349 -5.0152798462506478 0.130113884806633 -0.184149150947855 0.9828983112230808 0 0
1648154342.986954 8.5348068660327101 -5.0958492860032933 0.14954948038283844 -0.14895478526499226 0.98883813306974455 0.0034085970430791485 0
1648154343.4868279 8.1952786722034201 -5.2011539051858433 0.15491563198091374 -0.14029654647040535 0.99009470774075736 0.0054174488665546987 0
1648154343.9870889 7.9171716480868248 -5.2677604623589271 0.15926564819387151 -0.10753749306776712 0.99418608887034754 0.0054505303761573833 0
1648154344.4535561 7.5842116750049948 -5.3280458799876804 0.17096780911097095 -0.088864578949027273 0.99602831119764379 0.0055398466569025872 0
1648154344.9870389 7.1729345482505265 -5.4103110605290068 0.17398613573479613 -0.089140194682812174 0.99599557272687755 0.0068443261442957641 0
1648154345.4868619 6.8953882589917344 -5.4590043552989931 0.17248283756997446 -0.090760758842456019 0.99586638150515372 0.0035545523168377833 0
1648154345.98703 6.5608796291484435 -5.5156357050594629 0.17395771955451095 -0.088909898380264196 0.99601908911224002 0.0064034439198727621 0
1648154347.986917 5.3022976957949659 -5.7270463519555337 0.16311019659042358 -0.089645585241193787 0.9959737290946804 0 0
1648154348.9873929 4.4557914168302144 -5.8665849389299911 0.15568763820621453 -0.089542983521560135 0.99590186793370516 0 0.012709191485476458
1648154349.4873359 4.1347544282629958 -5.9278872893828938 0.1532125551484072 -0.091118987631301065 0.99579931218255269 0 0.0090033299285182406
1648154352.4871869 2.1469279893736819 -6.2978609897651925 0.13131459409414761 -0.091226079408419203 0.99581981558951582 0 0.0045494301875773696
1648154352.9876549 1.8165225006349506 -6.3605123203587146 0.13214915400480418 -0.090400770335133579 0.99589876481013562 0.003653898255397056 0
1648154353.4875851 1.3782621009366243 -6.4404328727757898 0.12712031336958743 -0.091333892372775324 0.99581007566019486 0.0045181099671131198 0
1648154381.9893448 -10.526395843075486 8.3408516303610476 0.24696637690067291 0.63761629002286169 0.77035411772605067 0 0
1648154386.4893858 -11.472393956258513 12.071259859669206 0.34918240538170253 0.62910599539708933 0.77721170686914443 0 0.012946399537655461
1648154389.9896569 -12.166893308041235 15.29176723354283 0.37710708379745483 0.62733961687135309 0.77874578978232933 0 0
1648154399.4904039 -14.195933524152107 23.890644732413261 0.46216245570148223 0.61679058549264476 0.78703801767019177 0 0.01185463577742705
1648154400.4901419 -14.439985998001328 24.807596352652098 0.45060628994072638 0.61472206755817926 0.78867236819722353 0 0.010614862183769551
1648154403.990417 -14.764192714534738 27.712397037583571 0.47558320884149452 0.86634265920253128 0.49937229002028816 0 0.0088154867012609599
1648154415.491148 -5.0085702584237382 30.257157106396821 0.57434689998626709 0.99269443486416675 0.12065553857868495 0 0
1648154415.991039 -4.6080012380286171 30.34692006691261 0.57333004474639893 0.99272359980902025 0.12041534114148469 0 0
1648154416.491281 -4.2107987168986094 30.444706608648385 0.57885730266571045 0.99258197489966415 0.12157723102736967 0 0
1648154416.9913309 -3.7847171235652142 30.53383839023622 0.57896775007247925 0.99484307606127775 0.1014261012409262 0 0
1648154418.991473 -1.9376869554487806 30.823480583289854 0.57347506284713745 0.99635914219363475 0.085255262401592272 0 0
1648154437.4924519 4.1212284727260169 24.535720013042187 0.63716267641830937 0.79111738984448254 -0.61164194068519606 -0.0052356356347714227 0
1648154441.4927549 5.0025878064554892 20.787432169225781 0.66070711163428009 0.78038201924639117 -0.6252420956104614 -0.008730745304026186 0
1648154445.993129 6.0081772737289123 16.569436057073066 0.67188286781311035 0.78765049349886729 -0.61612230935991175 0 0
1648154452.4933999 7.4369555935048623 10.597405264822953 0.69864150514431 0.77705885537196151 -0.62928786952223537 -0.013278273991122037 0
1648154465.4941831 9.7508202355610614 0.73814897063028384 0.75765659712028266 0.79023878062354735 -0.61275253651201411 -0.0075497414990038135 0
1648154466.494241 9.7510091143154032 0.7379461658530837 0.75729909927062111 0.79026702004793725 -0.61272112425917069 -0.0071316836112511276 0
1648154476.494873 6.6757795418562083 -0.72763433316044701 0.74121248722076416 -0.21831890446698857 0.97587747999035912 0 0
1648154477.9946361 5.3189043619479577 -1.3233810681956013 0.76711761951446533 -0.22471873462395756 0.97442367084805948 0 0
1648154478.4948928 4.8812908922936753 -1.5220987924435863 0.77907347679138184 -0.2257616048126479 0.97418257929015428 0 0
1648154481.9951 2.3062918845116389 -2.852067239553794 0.80231934525860105 -0.35008213144088063 0.93671568416895978 0 0.0024956517560726218
1648154487.9620481 0.19221980400520508 -3.9919350292407692 0.77570366859436035 -0.096707417685703692 0.99531285300882288 0 0
1648154491.9962931 0.19219909349041098 -3.991970765850084 0.77566421031951904 -0.096770159195101929 0.99530675486975118 0 0
1648154493.9958289 0.19219750692457815 -3.9919697579396973 0.7756645679473877 -0.096793023100234007 0.9953045316279423 0 0
